0.31911833
0.20383696
0.16732637
0.16879221
0.16854927
0.19381995
0.38172313
0.32957293
0.28285152
0.2862669
0.29232444
0.24385958
0.21661913
0.29128515
0.26318608
0.46466487
0.32535766
0.42286986
0.32612297
0.37474734
0.33240269
0.34974339
0.33167379
0.32759921
0.3191544
0.3375128
0.32912411
0.30636287
0.2722755
0.25492034
0.27643572
0.25403855
0.27495986
0.26197237
0.25040036
0.29403465
0.27004061
0.34126388
0.30178813
0.37631418
0.32983243
0.44951975
0.3748228
0.4366811
0.34950528
0.4170689
0.33158948
0.42062342
0.33374397
0.42634862
0.32543971
0.45651223
0.37222102
0.51200773
0.418471
0.45743517
0.3861783
0.43275025
0.35252786
0.4568344
0.32440498
0.38373226
0.36298249
0.4199761
0.42444107
0.44527941
0.46797939
0.40166588
0.38438018
0.35121342
0.28988836
0.32590434
0.28717336
0.36719739
0.30037008
0.34727148
0.31992899
0.36758214
0.3394651
0.34233896
0.32031294
0.33948866
0.29015811
0.32727826
0.29466789
0.35116275
0.34250017
0.3873597
0.34677496
0.35381571
0.34924025
0.34121651
0.30929083
0.35139444
0.34742403
0.3488966
0.32616607
0.34808132
0.3531246
0.34359636
0.32099349
0.3640637
0.37048401
0.41271593
0.40597785
0.36690354
0.34041081
0.34182992
0.33227836
0.36191067
0.32831408
0.36659787
0.34509344
0.37497205
0.33642966
0.35613251
0.31812648
0.39403966
0.36731129
0.41424075
0.39000443
0.40020758
0.35227934
0.38731861
0.33967296
0.38127543
0.35423973
0.37064737
0.37954341
0.33016997
0.32803464
0.34390165
0.31316641
0.38222783
0.36222607
0.37153908
0.38184628
0.33660622
0.31285288
0.3544408
0.3210784
0.38635238
0.33406892
0.40375098
0.37775593
0.42648698
0.35247541
0.34230644
0.34260481
0.33848312
0.30709914
0.39448927
0.3367354
0.39245318
0.36627942
0.36348634
0.3796951
0.3809991
0.34926603
0.35177453
0.34334687
0.3990695
0.35583649
0.40929662
0.35403556
0.40856913
0.40070593
0.42746429
0.38754882
0.42476449
0.37438789
0.39745678
0.36697462
0.34370672
0.32818343
0.34861669
0.34634916
0.34114106
0.31538662
0.355409
0.32950835
0.35288123
0.32310141
0.36501577
0.34810054
0.38665553
0.36044583
0.38361421
0.38695046
0.38065184
0.35479508
0.37617211
0.32697319
0.34944339
0.33784925
0.37650294
0.32795285
0.39147813
0.34852595
0.38967752
0.36245759
0.35911754
0.33973995
0.36842393
0.35151548
0.38065932
0.35932595
0.37651661
0.34850639
0.38418345
0.36320248
0.39665096
0.35715166
0.36086194
0.34856829
0.33975197
0.34200703
0.32235205
0.315611
0.34396252
0.32209501
0.37485375
0.35472787
0.38199938
0.35145876
0.39530445
0.33160988
0.33996596
0.31893546
0.36673411
0.31749996
0.41668414
0.38371954
0.38303364
0.35751364
0.3513548
0.32825489
0.37859337
0.34179966
0.38062211
0.33516412
0.37252312
0.32095638
0.36446579
0.33104841
0.39233402
0.35565921
0.3851641
0.34149311
0.36087395
0.32248603
0.39181589
0.35631105
0.40567451
0.40184975
0.39603276
0.34166374
0.41893956
0.38618749
0.39878995
0.40513937
0.38786012
0.38124325
0.35608797
0.3596132
0.37132221
0.34989402
0.40144588
0.36807351
0.369609
0.34284111
0.34462227
0.34727518
0.35431631
0.31164798
0.37644968
0.33758575
0.43119839
0.41777131
0.42366451
0.41072188
0.37604977
0.40272064
0.35069664
0.31271217
0.39437332
0.35626658
0.43656302
0.42107828
0.40695152
0.43143164
0.40240238
0.38560029
0.38280498
0.34762353
0.35185151
0.34481734
0.38248106
0.39204569
0.39118319
0.34107656
0.38032397
0.35143889
0.36671517
0.36346568
0.37548102
0.34891219
0.40772363
0.36364992
0.38075231
0.3729292
0.37545226
0.3172081
0.36121219
0.31997894
0.36426472
0.35715232
0.33858759
0.32429291
0.38672146
0.35034292
0.35544342
0.33786732
0.37928988
0.36916523
0.44207024
0.43292523
0.43504687
0.41619244
0.41756116
0.3521317
0.37471271
0.32479867
0.38287519
0.33012375
0.41320349
0.34782331
0.391195
0.35730531
0.35333367
0.33148111
0.37554298
0.36332231
0.37303357
0.37417867
0.38872729
0.35972231
0.41648877
0.37944485
0.37686004
0.33575653
0.35959274
0.33570111
0.37726642
0.33479391
0.41618366
0.35975585
0.40891526
0.39308548
0.38710435
0.33018347
0.37200317
0.32694776
0.38662151
0.3613532
0.38392778
0.33818138
0.36501912
0.32698146
0.40695109
0.34796152
0.40163061
0.34998586
0.47468223
0.39674718
0.43711629
0.38400393
0.46097038
0.40085466
0.3904029
0.35335535
0.36320258
0.34425849
0.35154581
0.33135464
0.37888227
0.33285065
0.38185823
0.37648388
0.38997889
0.33223774
0.37011118
0.37435788
0.35723564
0.31878043
0.3629569
0.34201969
0.36654092
0.34863533
0.3490782
0.31965747
0.33272769
0.33877094
0.34713479
0.31541352
0.37380906
0.32343656
0.3704465
0.38297982
0.36622022
0.35071006
0.34137616
0.33341742
0.36202115
0.33097881
0.36955534
0.35355354
0.34361715
0.32674769
0.32874454
0.31183042
0.3906491
0.37613231
0.41359927
0.39402043
0.41762133
0.37153957
0.36485835
0.3314331
0.353431
0.31092001
0.35673486
0.31473085
0.3569406
0.32959307
0.36724599
0.34022535
0.35441452
0.35451714
0.37009438
0.34247761
0.3675358
0.35350641
0.37112808
0.36048906
0.34976274
0.30574258
0.35755151
0.31711852
0.40038501
0.38137574
0.37706327
0.35185751
0.38246275
0.35619025
0.39096307
0.34906996
0.37818126
0.38394191
0.40217443
0.34438679
0.3730231
0.40411557
0.38220304
0.33180562
0.37035924
0.3451038
0.38193295
0.34571105
0.397665
0.33385454
0.38896855
0.36694509
0.42063657
0.40258662
0.45907138
0.41975603
0.42722037
0.36401493
0.41842145
0.34948206
0.36360655
0.3270222
0.35481214
0.34195345
0.38898788
0.35759076
0.394876
0.36273626
0.36902228
0.35998845
0.33836404
0.32401844
0.35369753
0.3256789
0.33988901
0.31367626
0.33343245
0.28400217
0.34408707
0.31362282
0.41382859
0.38085793
0.41921643
0.38243153
0.38582707
0.33818991
0.38700811
0.35110727
0.34844621
0.32504203
0.3669043
0.35094833
0.36262104
0.34988368
0.35949668
0.31437916
0.36657407
0.32418837
0.40773965
0.35145682
0.38520857
0.34972196
0.38645338
0.34650197
0.36983854
0.36112046
0.38883725
0.34530123
0.36295149
0.33779404
0.3864505
0.36846884
0.36425235
0.34757616
0.37417798
0.36990138
0.37407346
0.33333954
0.34187262
0.39072013
0.3592384
0.33157929
0.36943426
0.4071947
0.40184816
0.46188228
0.34969089
0.3365451
0.34761986
0.34737775
0.36557901
0.31975821
0.35070995
0.34585612
0.32947019
0.33755852
0.33940437
0.32562394
0.3483133
0.31775171
0.36419478
0.33371258
0.36537681
0.31749576
0.34883484
0.37437239
0.37363553
0.33119899
0.36176935
0.33398399
0.36238135
0.31876608
0.41240329
0.35736483
0.38480354
0.33290611
0.3310584
0.29260473
0.35625192
0.29744116
0.37929222
0.33804983
0.34092047
0.34924682
0.36567401
0.36096647
0.34703254
0.32664736
0.33585485
0.3191847
0.39072744
0.33794105
0.37537561
0.36151128
0.360245
0.36154256
0.3733099
0.33965657
0.38761814
0.35339298
0.36696994
0.35472564
0.38436553
0.34030884
0.35707955
0.33334936
0.3400331
0.33950283
0.36236201
0.36530174
0.34577272
0.33586838
0.33457639
0.31977449
0.33983361
0.32306585
0.37791973
0.32636081
0.36625725
0.38300032
0.44205953
0.37707191
0.40612695
0.36680635
0.35389515
0.36668662
0.35385503
0.34120694
0.38044575
0.35213389
0.37238859
0.3405178
0.40144299
0.41966362
0.42907393
0.37765649
0.370457
0.33905557
0.36868153
0.30341604
0.40148116
0.35200052
0.42118629
0.3837693
0.40047057
0.36478728
0.35628854
0.32093116
0.37735014
0.32008956
0.44117828
0.36954435
0.43751044
0.45346605
0.41488362
0.42921591
0.37205723
0.36308781
0.36938835
0.34247724
0.37054725
0.34802252
0.35512338
0.33506234
0.39320685
0.3417891
0.41842661
0.40758923
0.3923414
0.42284988
0.41441141
0.37468822
0.38757385
0.40005388
0.38971355
0.35107661
0.33883475
0.3343596
0.34560841
0.30486443
0.35595025
0.33897175
0.37090571
0.35501943
0.37223798
0.3090359
0.40626068
0.33634889
0.37498591
0.34400035
0.41862428
0.35416864
0.3815335
0.35198324
0.36338056
0.33200475
0.3773321
0.33398729
0.39972172
0.38636726
0.40974263
0.38542808
0.38753293
0.36835962
0.36849877
0.36911189
0.385246
0.36004845
0.3561907
0.30518643
0.35604617
0.32565031
0.35944301
0.32801853
0.37289116
0.33688356
0.36126871
0.35754255
0.36818718
0.3618553
0.37546981
0.33984083
0.34765041
0.35082442
0.38390438
0.31495069
0.36386779
0.35675731
0.38792594
0.35531109
0.36100835
0.36171431
0.35144235
0.30791848
0.41526051
0.36231191
0.43663636
0.39777606
0.38502951
0.35016208
0.38901037
0.33269441
0.36964556
0.34870105
0.3637015
0.35810776
0.34130696
0.3470617
0.3484745
0.31741404
0.35199923
0.33100401
0.36127631
0.37170401
0.37847599
0.38744671
0.34762203
0.31982388
0.36407555
0.34880429
0.35733977
0.29940339
0.39682741
0.34324112
0.37727848
0.35328655
0.38637272
0.35610204
0.3819255
0.35069889
0.39168551
0.332779
0.38300403
0.37070246
0.38647825
0.3298331
0.38768149
0.33931843
0.38822273
0.35155654
0.37152309
0.33650037
0.39081651
0.33827912
0.41166387
0.39974366
0.36976967
0.37649142
0.34862191
0.33381047
0.35968643
0.3351253
0.36048542
0.33539835
0.3863907
0.33817012
0.37889363
0.35452264
0.39477694
0.34618609
0.33859868
0.32341113
0.36073037
0.31741845
0.34565101
0.31039387
0.35339054
0.31527757
0.38624791
0.38286643
0.3815879
0.3389847
0.35204956
0.3335145
0.39260947
0.33153836
0.379414
0.36200021
0.42925297
0.40937103
0.40349623
0.36236548
0.35960902
0.33817451
0.35371371
0.30248655
0.33798303
0.34119503
0.35028887
0.35115168
0.38441319
0.40032483
0.36411867
0.33933662
0.34309134
0.34243939
0.37173755
0.34910183
0.34086729
0.32413263
0.3557254
0.33114566
0.37203897
0.31481174
0.38732134
0.35929722
0.36209492
0.36571348
0.35786462
0.33130702
0.34109696
0.34340158
0.36376141
0.33316652
0.34321959
0.33167544
0.32865586
0.36299071
0.40305892
0.37708733
0.372707
0.36353844
0.37166066
0.34024761
0.33930217
0.33291134
0.36384744
0.32483782
0.3568766
0.3148115
0.39207818
0.34522764
0.38955613
0.3404281
0.35086532
0.3750608
0.36435764
0.32409101
0.35453263
0.33440201
0.38217568
0.34369925
0.3527719
0.31701701
0.37194875
0.33318866
0.37721181
0.32953727
0.3780455
0.34573522
0.37251605
0.3601646
0.38079514
0.35033211
0.36227841
0.32055415
0.37393304
0.35599014
0.3687494
0.35978517
0.36273378
0.3830842
0.37243242
0.32951431
0.34784295
0.36148319
0.37426217
0.36786264
0.36738079
0.35347869
0.3474908
0.31420808
0.3827387
0.33928849
0.3891133
0.35972658
0.36508346
0.3302866
0.35061525
0.30883748
0.3933488
0.33505721
0.43402909
0.38713751
0.40091122
0.35186158
0.34189208
0.31788666
0.32043165
0.36965871
0.36990241
0.32310084
0.35763634
0.31333462
0.34496296
0.29636078
0.37088041
0.335542
0.40042031
0.3541126
0.38396497
0.37794807
0.38062321
0.35167752
0.36733247
0.35154169
0.36675449
0.32218291
0.37174616
0.34716071
0.35356449
0.32547812
0.39027172
0.35314134
0.33383529
0.31475035
0.3529643
0.31144279
0.33504872
0.31610614
0.34051088
0.34539682
0.35058246
0.32169529
0.33624235
0.33982542
0.37627252
0.35701605
0.35333326
0.32993555
0.34883621
0.33663992
0.35772341
0.32686241
0.39181474
0.35735229
0.38211774
0.38721177
0.34711462
0.35401296
0.33087638
0.31851434
0.36555538
0.31675043
0.34977641
0.31879967
0.38700141
0.35583768
0.33709871
0.31828595
0.36727225
0.30738512
0.39685357
0.40126885
0.40608831
0.35375196
0.39477902
0.37945961
0.39312156
0.4058274
0.40671621
0.36934375
0.35817957
0.34149596
0.36616999
0.36608591
0.35495527
0.34887338
0.36466374
0.34119832
0.37962977
0.35542239
0.36963383
0.34462635
0.37445995
0.36098951
0.37952397
0.37879766
0.37778891
0.31477376
0.38128879
0.32730113
0.36433962
0.3433199
0.3577483
0.33303923
0.36626389
0.36286653
0.37106313
0.3731273
0.35239683
0.37157252
0.36542283
0.34774804
0.35449769
0.36718552
0.37679818
0.3374558
0.35461665
0.35668461
0.37092523
0.35263214
0.35340439
0.36298913
0.35404432
0.2999566
0.40734417
0.36807588
0.43219527
0.38676914
0.39460018
0.3716728
0.36576111
0.36603293
0.38862872
0.38031803
0.35850832
0.32918993
0.35628597
0.33988157
0.37266593
0.32431482
0.39315994
0.3439227
0.38319215
0.35755082
0.37779245
0.32782253
0.39461865
0.33946727
0.40197166
0.33797746
0.43589105
0.38986611
0.40299446
0.37677594
0.39065416
0.34738042
0.36875711
0.36136768
0.3935209
0.3707903
0.37278171
0.33127665
0.36132133
0.30555707
0.3478305
0.34538157
0.36984365
0.33838907
0.40662459
0.3906899
0.38174061
0.38247717
0.37731276
0.38184516
0.35882783
0.34175535
0.35682999
0.32578801
0.35661111
0.33970446
0.3471138
0.33945134
0.33878366
0.32073432
0.33912723
0.31878696
0.36336765
0.32704093
0.37257269
0.33880297
0.37033634
0.32371415
0.38882629
0.33852712
0.36307247
0.36564842
0.37238079
0.38393596
0.36249729
0.31973452
0.32909159
0.34633992
0.34867395
0.32570044
0.41110132
0.38580304
0.43513852
0.36504672
0.33764603
0.35546755
0.32897149
0.33831023
0.32318084
0.30327765
0.37579242
0.3607463
0.40930962
0.35237189
0.39070742
0.39572918
0.38426715
0.33758437
0.33770291
0.31459923
0.34053179
0.33109352
0.37827087
0.38943159
0.38325817
0.31990686
0.38932517
0.33010713
0.37522056
0.35450369
0.35123767
0.34925342
0.34377104
0.30972841
0.33417718
0.30337875
0.33236136
0.37083628
0.36497807
0.33785117
0.3628862
0.34152734
0.35101784
0.32991426
0.35041915
0.33127675
0.37257823
0.37076207
0.38614127
0.37062826
0.36074858
0.33505642
0.35624324
0.32718312
0.3615834
0.33074929
0.37743752
0.35786217
0.35780588
0.32565291
0.34186977
0.29997854
0.33862663
0.31994934
0.38469214
0.35991473
0.38781623
0.38885796
0.41253704
0.35119451
0.37850962
0.36221907
0.36812384
0.3460543
0.34300879
0.31266869
0.34079613
0.36912751
0.37565873
0.35677477
0.35602376
0.32531959
0.36315786
0.33669453
0.36933947
0.35342041
0.36512264
0.33036322
0.33143663
0.32307189
0.35698414
0.33686531
0.36185385
0.34255758
0.37581426
0.36425348
0.35790178
0.32091914
0.34781473
0.33073335
0.37863522
0.32966117
0.35199135
0.36440565
0.3721476
0.37249668
0.36160897
0.40586748
0.38094541
0.34711712
0.36838734
0.33348747
0.3568473
0.32341781
0.37064229
0.33848027
0.37957183
0.31531859
0.32877588
0.32398437
0.35470307
0.30431359
0.3413208
0.2929675
0.41076944
0.34692138
0.39174135
0.38949782
0.39501986
0.37446508
0.34082302
0.33546556
0.37100595
0.33831244
0.3725977
0.34854961
0.34926462
0.33670059
0.3649996
0.34095562
0.38267824
0.32579212
0.39008434
0.35556058
0.36793247
0.33869175
0.35877505
0.33957903
0.35964708
0.34865683
0.40172644
0.3646046
0.34954939
0.31581336
0.33156735
0.31041033
0.35148774
0.34142553
0.36927955
0.37000303
0.35676475
0.37993391
0.34673149
0.32585188
0.31737194
0.29019756
0.33028822
0.30570372
0.39117787
0.34338414
0.36551535
0.34548994
0.39621908
0.37799129
0.39556415
0.37432966
0.39490091
0.33818387
0.37407665
0.39456831
0.40236416
0.3936102
0.3781343
0.36152683
0.36474429
0.33882739
0.39053341
0.37528339
0.35571703
0.32667274
0.36448723
0.33432371
0.3396297
0.3314761
0.35523117
0.33955665
0.36160288
0.3273243
0.40081209
0.39594043
0.40501214
0.36319087
0.38742429
0.34268204
0.37618457
0.33836351
0.35711439
0.3350365
0.38619204
0.34087874
0.4244862
0.37783125
0.39917687
0.36546799
0.353563
0.30477647
0.34170495
0.29546639
0.3764378
0.33811447
0.39507972
0.36476776
0.38908163
0.34490484
0.37811656
0.32373527
0.4059108
0.3704861
0.38955418
0.36872138
0.36136084
0.31807212
0.34785459
0.33957852
0.37649677
0.34666049
0.40083047
0.35070425
0.37551065
0.31294412
0.37240957
0.33991291
0.35015347
0.36257294
0.34245389
0.33696535
0.34676212
0.33912378
0.35812485
0.32644716
0.34954945
0.33842612
0.33825293
0.304262
0.35369117
0.31827025
0.36496511
0.32199943
0.36970877
0.36997963
0.38289171
0.35380342
0.3854415
0.35392166
0.38938857
0.32642334
0.36915941
0.38152991
0.38297801
0.34936636
0.36626866
0.33134475
0.37536154
0.37416761
0.3902638
0.343762
0.36060595
0.34476804
0.39330983
0.34593423
0.38273146
0.38082842
0.36644145
0.34639854
0.36559418
0.38459186
0.35264535
0.37751487
0.375572
0.34373443
0.38855946
0.3813387
0.35744707
0.329757
0.3445192
0.32396366
0.35679384
0.3362181
0.38172316
0.34425422
0.35084598
0.31399848
0.34877449
0.37814183
0.3744541
0.34549275
0.34402065
0.33340427
0.35744985
0.3457827
0.35291399
0.33620239
0.37085884
0.34664101
0.40592365
0.36386746
0.43646079
0.38391289
0.38121897
0.33239493
0.36917658
0.32912842
0.36781536
0.32201536
0.4140019
0.37974562
0.39485549
0.3817794
0.45326546
0.38033687
0.3664704
0.35251577
0.38922717
0.36502927
0.35369315
0.35826118
0.35007757
0.32130101
0.33373116
0.32995466
0.39419851
0.32896647
0.36985432
0.35607424
0.34781343
0.31867619
0.3830286
0.3508888
0.35038922
0.32072352
0.36965802
0.34048499
0.36939928
0.36487644
0.34038006
0.31476827
0.34880329
0.32763058
0.35447121
0.36065536
0.34498968
0.29828248
0.38306523
0.34266517
0.41109242
0.37586333
0.38126125
0.35850868
0.36269349
0.33169033
0.38812536
0.35448651
0.40441612
0.35266435
0.39984939
0.3458024
0.37781492
0.33251062
0.41577708
0.35363055
0.34594253
0.341976
0.36730768
0.3201268
0.3817629
0.33863156
0.39334409
0.39297028
0.35952241
0.33595627
0.34321221
0.32931011
0.33779312
0.31501071
0.3596578
0.35669468
0.38198782
0.37340837
0.39425498
0.39393611
0.38050496
0.37604935
0.38005855
0.37120651
0.39680818
0.38392752
0.37399543
0.3290885
0.37188031
0.34456996
0.33880036
0.30469126
0.36123263
0.35270186
0.38064527
0.33834979
0.36886077
0.3245073
0.32752051
0.3855741
0.37631118
0.33017208
0.38721091
0.32368883
0.36463745
0.32081357
0.40312284
0.3555212
0.41020417
0.35433645
0.37452139
0.35826146
0.37102516
0.36984718
0.39536542
0.35658951
0.35180476
0.34073953
0.35328662
0.35009916
0.36663555
0.32884612
0.3584056
0.33039707
0.35217963
0.32175709
0.35608583
0.32316714
0.36186636
0.34791679
0.42091249
0.37663826
0.40781157
0.37418229
0.39526404
0.38509321
0.35559486
0.35549308
0.36305047
0.34420108
0.35974593
0.3585991
0.38645097
0.35646862
0.38250094
0.34317086
0.36655142
0.33269677
0.37233782
0.33786428
0.40342753
0.3901257
0.38857212
0.37465303
0.37122329
0.35331973
0.35798588
0.32302875
0.34192714
0.36318481
0.33957508
0.38256097
0.36743311
0.37597962
0.3687275
0.34153526
0.35022639
0.29989337
0.38080808
0.34312271
0.35142548
0.31047041
0.33575484
0.29649423
0.41334289
0.39502603
0.36296892
0.37693282
0.38239185
0.34860939
0.38715352
0.34165216
0.42723287
0.39759763
0.39010946
0.36760667
0.3570794
0.32345143
0.36284264
0.33136549
0.37718371
0.34662689
0.35249037
0.32140967
0.33909634
0.33343859
0.36024954
0.37505959
0.37368874
0.32202379
0.34518464
0.29805459
0.34420163
0.33175378
0.41491982
0.3540955
0.41577684
0.38695855
0.43671755
0.40622449
0.409788
0.36634453
0.44943783
0.37199865
0.39592489
0.40085593
0.35234329
0.33284102
0.36141289
0.33261782
0.363675
0.33166381
0.36255604
0.33085807
0.36539271
0.36888815
0.367325
0.36082463
0.36461774
0.34368097
0.3492678
0.34599463
0.36238274
0.35913299
0.37302325
0.35027087
0.36487194
0.31836102
0.38002669
0.32730386
0.3937564
0.38052593
0.37757302
0.36902203
0.3446014
0.32947065
0.34634972
0.31563324
0.37460457
0.32192807
0.35958924
0.32711258
0.37366475
0.34005151
0.38252899
0.34272517
0.36959885
0.33083395
0.3618741
0.3362213
0.36219094
0.32539142
0.38498519
0.37370776
0.37131589
0.39369861
0.36914088
0.36447197
0.35764511
0.33529177
0.35119433
0.3558531
0.35436139
0.37370749
0.36498782
0.36716981
0.36301684
0.33668437
0.34042099
0.32559012
0.34344229
0.33254408
0.35108525
0.36359477
0.34463936
0.3136013
0.3526283
0.35103248
0.3684882
0.33622906
0.36689751
0.33047826
0.38124787
0.34908296
0.3480257
0.32515296
0.34139228
0.31500874
0.41268219
0.38201104
0.40469161
0.36407616
0.41119471
0.39675799
0.38811546
0.3618326
0.37174953
0.35812927
0.39749814
0.39224504
0.37441127
0.35736344
0.37516527
0.32915454
0.38319257
0.35925077
0.37377601
0.34634685
0.38682294
0.33953806
0.39707028
0.38065479
0.40741232
0.35910096
0.35787732
0.31760729
0.3599444
0.33334115
0.35023293
0.32523033
0.38917001
0.36613008
0.39606372
0.37539235
0.36210735
0.33841365
0.36082407
0.33142535
0.3506439
0.3114552
0.38559722
0.32464039
0.35637097
0.34882952
0.36577072
0.35550414
0.37171965
0.37888088
0.37431785
0.35883717
0.36578305
0.33327786
0.39382446
0.3549061
0.4112847
0.37835728
0.37384335
0.35710339
0.37374472
0.35495163
0.36355973
0.35564388
0.36962063
0.28948322
0.3864616
0.34099451
0.40661689
0.35194692
0.40380767
0.35203074
0.39206536
0.34838086
0.40782349
0.35395671
0.40044827
0.36217914
0.36592799
0.33328234
0.37701598
0.35085311
0.34906285
0.3217417
0.34152765
0.31411482
0.37607032
0.33428811
0.39195326
0.3612921
0.38908487
0.34912341
0.35365381
0.33513462
0.35466418
0.31100503
0.4112038
0.3351605
0.37360457
0.37352904
0.38151095
0.35391526
0.36797229
0.36229237
0.40738055
0.39379543
0.34442625
0.31544477
0.36431108
0.35698502
0.36122534
0.3394927
0.38898871
0.36166721
0.41020817
0.35666947
0.34040983
0.3281641
0.37139328
0.3564606
0.40816426
0.39128467
0.41918863
0.38936234
0.40696519
0.34465746
0.34451322
0.37358707
0.36666073
0.36252993
0.34170176
0.35022827
0.35384283
0.3231653
0.37785313
0.3232717
0.38334681
0.35790958
0.36350202
0.35254514
0.37029679
0.36206509
0.37855482
0.3759426
0.37660651
0.35217295
0.36223788
0.35802114
0.36834818
0.34796951
0.39011499
0.31826582
0.39449597
0.37258092
0.40518109
0.35657554
0.34921379
0.35047404
0.3832157
0.32571948
0.39396055
0.37389139
0.39085738
0.37470779
0.40487841
0.39180911
0.41947041
0.38701609
0.38479024
0.35323802
0.37951169
0.33012629
0.34045427
0.30937457
0.37026302
0.3413239
0.34313767
0.33774078
0.35875132
0.31311425
0.3445019
0.3252833
0.36431383
0.35434834
0.43153724
0.39084142
0.40107512
0.37241416
0.35531258
0.32836707
0.39105679
0.33758141
0.41226782
0.36751508
0.40255019
0.35165231
0.40472527
0.36213648
0.41657878
0.38083146
0.42246312
0.38857507
0.370867
0.34267119
0.36047079
0.36090837
0.37029818
0.30716165
0.41200335
0.35183099
0.42894517
0.35826755
0.41738806
0.40960272
0.42096661
0.37865637
0.39013065
0.34852011
0.35485107
0.34158768
0.36652493
0.32613392
0.3581921
0.31984517
0.33517565
0.29086119
0.35757438
0.33936389
0.37751964
0.352403
0.43305879
0.38423753
0.38209761
0.37613701
0.3859667
0.36090403
0.39894896
0.39337375
0.38702364
0.34066571
0.35585298
0.31992408
0.38507602
0.36193129
0.35486165
0.32665823
0.39296052
0.34967687
0.39582498
0.36031886
0.37759926
0.33313937
0.35428725
0.33802361
0.3588621
0.34282254
0.35269811
0.33072855
0.32247755
0.30736021
0.38245258
0.34353075
0.3872458
0.35696317
0.39276857
0.35761412
0.33334801
0.34675293
0.37742587
0.34055556
0.3901695
0.32821132
0.38620673
0.359037
0.3893567
0.35283183
0.37346171
0.33731252
0.40284811
0.36417947
0.38204657
0.34803265
0.34262698
0.31652002
0.36904996
0.33477968
0.35381446
0.34063561
0.39071969
0.33738116
0.39350468
0.36311628
0.38410994
0.35479349
0.35623489
0.32724815
0.35865179
0.31884582
0.37743826
0.34653969
0.4087588
0.35730342
0.42290077
0.36310911
0.4148247
0.35104049
0.40121001
0.36001314
0.39560105
0.348717
0.37244079
0.34512604
0.3707589
0.33153162
0.41419917
0.38585708
0.41017286
0.40733635
0.41036029
0.36810001
0.4118067
0.35984779
0.38011221
0.32979922
0.35079671
0.36279544
0.34636139
0.32343389
0.38358753
0.34245856
0.42602788
0.36365754
0.38053526
0.35063834
0.37068677
0.32095957
0.38152053
0.33246594
0.37163448
0.3079534
0.35655276
0.3561878
0.36827432
0.32364726
0.35069786
0.30514577
0.33582228
0.31002167
0.35329326
0.33668077
0.38952293
0.35375536
0.40358283
0.34553266
0.36621988
0.32778584
0.35495337
0.32927244
0.34726411
0.32728158
0.36879511
0.34213252
0.37855041
0.38364831
0.39118074
0.3734676
0.37632383
0.35272251
0.3908262
0.38391598
0.40112511
0.37762864
0.37234713
0.32011219
0.36136394
0.33730751
0.35541988
0.32534532
0.37179956
0.38922182
0.37660978
0.37426476
0.37329878
0.36732655
0.37310966
0.33755626
0.37367983
0.36108305
0.37361654
0.34862131
0.36773544
0.3057866
0.36581419
0.32211194
0.35240043
0.33115432
0.33058899
0.33345245
0.35449052
0.41300957
0.36391698
0.38158124
0.36014985
0.32673145
0.34612768
0.34141125
0.35234568
0.34025956
0.38454063
0.35320737
0.35329465
0.38091213
0.35895393
0.35620431
0.3582848
0.33715614
0.3297774
0.33191561
0.3378204
0.31185735
0.36324604
0.34780338
0.36784561
0.34057278
0.36217029
0.35394609
0.33374506
0.33657494
0.34730362
0.32108833
0.36800387
0.33125438
0.37079177
0.35635279
0.36853894
0.36194593
0.36729376
0.33919093
0.3673691
0.34732424
0.34937514
0.32110084
0.35400666
0.35838179
0.3787172
0.35345286
0.41611063
0.39430973
0.44835162
0.38330535
0.39321702
0.38265865
0.35543002
0.37384296
0.3653475
0.32652058
0.34107614
0.33258617
0.35983505
0.33816662
0.35023998
0.33879302
0.41738053
0.38788311
0.41066036
0.35444872
0.42857489
0.41070767
0.39893722
0.36679357
0.3482234
0.34400403
0.36465733
0.34851535
0.34959572
0.34681725
0.36343591
0.33690557
0.36926413
0.32151737
0.36295054
0.36794398
0.38415326
0.36704012
0.42745798
0.38305842
0.38470984
0.34607925
0.42618487
0.36748049
0.39525598
0.39475033
0.35959916
0.3233774
0.32730481
0.31605863
0.34905641
0.31850476
0.35839596
0.35751964
0.34994524
0.33639814
0.38328589
0.33491444
0.3573154
0.35323555
0.33503915
0.30061254
0.33088686
0.3006714
0.33846695
0.29609259
0.39555251
0.34491144
0.37077781
0.3422517
0.4017092
0.34240898
0.39341767
0.32693947
0.41134903
0.33568165
0.43675611
0.36168152
0.41947821
0.38819232
0.35988252
0.31649363
0.32492266
0.31129383
0.37485442
0.33751241
0.37381062
0.3351805
0.37010134
0.32696707
0.37510853
0.38280581
0.35609849
0.30197474
0.37108403
0.3394314
0.39831135
0.38330513
0.39074157
0.34618302
0.40777542
0.32673632
0.40305126
0.37702107
0.4000121
0.3595151
0.40294566
0.3459482
0.35819294
0.34952976
0.35984822
0.3537125
0.36599292
0.31522521
0.35915416
0.33345503
0.36900411
0.38436052
0.38008189
0.33777916
0.37024883
0.34169261
0.34619616
0.32805138
0.34688397
0.31952222
0.39013339
0.34749425
0.38413531
0.34940727
0.35956281
0.34633697
0.35600859
0.3440475
0.38774086
0.32852356
0.3808498
0.37290168
0.39233328
0.39617725
0.37384291
0.35125138
0.35137123
0.33201049
0.36938402
0.35040741
0.3804112
0.31577598
0.36723415
0.3418623
0.41842064
0.31811267
0.38040772
0.33646876
0.39254226
0.34848105
0.39913841
0.37547834
0.3864204
0.33896343
0.38918469
0.34558081
0.38797825
0.33831314
0.3915228
0.37420723
0.38003859
0.32838725
0.33411387
0.3029172
0.40242355
0.3442162
0.36454618
0.34913493
0.37788622
0.33582014
0.4362735
0.39300369
0.41992814
0.3934533
0.40405269
0.37412682
0.39771412
0.32820288
0.37175509
0.34074379
0.36741584
0.33765297
0.38229043
0.35545542
0.36303158
0.32735022
0.38715775
0.37722597
0.35721891
0.33794069
0.35587521
0.33726305
0.37582185
0.33721016
0.42224841
0.35128255
0.36827022
0.36343309
0.37599256
0.33389579
0.3790432
0.3198518
0.39773056
0.34771645
0.39081639
0.33988104
0.38723118
0.36468984
0.4059867
0.39188122
0.36224543
0.35826598
0.36369478
0.32317558
0.37863316
0.36835573
0.42762325
0.40444175
0.39646218
0.36211031
0.36052613
0.32224334
0.35316587
0.32877432
0.34591678
0.31127343
0.40017554
0.34398852
0.40392756
0.34588757
0.37788241
0.34182784
0.34803386
0.34676884
0.36415276
0.32905729
0.40265958
0.35528642
0.41872226
0.35341803
0.36325891
0.33797433
0.36191703
0.35725776
0.36977746
0.33731392
0.3539495
0.34044279
0.38339337
0.37370802
0.36609738
0.35602095
0.38990246
0.36703649
0.37126425
0.37904489
0.40169878
0.39420273
0.39809339
0.37034262
0.37468772
0.35101592
0.33548475
0.30504703
0.33887935
0.31622806
0.33209562
0.32603979
0.35106422
0.38912251
0.38684317
0.35477688
0.36708489
0.3442584
0.41026925
0.37087174
0.37431208
0.34278408
0.34420057
0.34564476
0.36911899
0.33972767
0.37596212
0.34387396
0.38252844
0.36352646
0.37457822
0.3764646
0.37247643
0.32568125
0.35561525
0.30529595
0.39989855
0.34432224
0.37540446
0.35934577
0.36947057
0.35386254
0.3844636
0.3668452
0.38924094
0.35897879
0.41434107
0.3566206
0.35388693
0.35025029
0.36433415
0.3635327
0.36676544
0.35767926
0.37906918
0.35616553
0.34338274
0.32819392
0.3592721
0.32955658
0.36606308
0.34236525
0.38788127
0.3465498
0.40921473
0.41300559
0.39225874
0.3904291
0.35050131
0.30835583
0.35122122
0.34936575
0.38261335
0.34248817
0.42671368
0.35500121
0.40217244
0.37229841
0.39486068
0.37321786
0.38684708
0.36037323
0.38768835
0.34880805
0.37194118
0.3455861
0.36523527
0.33202366
0.38444164
0.34351012
0.36911938
0.31923264
0.3599889
0.35314686
0.39915812
0.37502092
0.39763028
0.37688339
0.35871715
0.34445857
0.37196903
0.32612311
0.37148589
0.35994583
0.39026553
0.38630473
0.3997057
0.36543311
0.34911824
0.32202672
0.30906625
0.30536361
0.34835514
0.29090489
0.37605304
0.31729589
0.45708048
0.39370056
0.44693275
0.41083663
0.41196754
0.39834759
0.40666971
0.42068662
0.42870598
0.40726493
0.35214235
0.3251609
0.33136258
0.28443746
0.35618888
0.32889918
0.39299777
0.40239071
0.38772521
0.34334451
0.40568045
0.35242155
0.3703045
0.31236264
0.34600228
0.317924
0.3842926
0.3466002
0.44638962
0.39537427
0.42786625
0.37546706
0.33213847
0.3187114
0.34095929
0.30682744
0.34799341
0.33442512
0.35982203
0.32094983
0.36568988
0.32483298
0.35096326
0.34464191
0.37483414
0.34543982
0.39472543
0.37928607
0.34067225
0.31462569
0.356595
0.3153488
0.36505351
0.34503014
0.38188483
0.34688437
0.36406044
0.3467258
0.37227592
0.33929314
0.35785714
0.36549637
0.36397594
0.32262688
0.3756862
0.33157066
0.37403233
0.3528484
0.37463501
0.33839456
0.36221587
0.3273216
0.35845711
0.34229977
0.35399278
0.31851952
0.35846913
0.30897873
0.41439962
0.38958664
0.38894107
0.34623311
0.35393623
0.35243615
0.38400017
0.35658323
0.37136494
0.35587192
0.37471581
0.34765909
0.38829044
0.33896272
0.34373454
0.34497621
0.3444951
0.33263383
0.37186256
0.33007593
0.3711958
0.35154232
0.36774452
0.33643639
0.44370145
0.37538145
0.41047366
0.38369516
0.36655135
0.32773851
0.35920409
0.3315316
0.35541618
0.3331662
0.39133707
0.38738652
0.41971097
0.42687456
0.40110157
0.33478619
0.36824313
0.3278623
0.37770506
0.34201887
0.41197458
0.36345289
0.41060796
0.3567502
0.44986949
0.38173972
0.41481531
0.34696973
0.37139245
0.31590252
0.37273236
0.33004847
0.36640078
0.32614017
0.35822699
0.31595574
0.33437903
0.28396644
0.39917694
0.33254028
0.4236506
0.39464241
0.42660109
0.40287857
0.43789759
0.42573467
0.37986318
0.3385652
0.36746205
0.33636484
0.35908791
0.33779204
0.37973963
0.39204668
0.40536509
0.35860474
0.34214835
0.31620753
0.33928221
0.30304314
0.35255752
0.3506578
0.38921844
0.35360644
0.34504739
0.34521502
0.38041625
0.35101762
0.38593911
0.35723556
0.3710714
0.34392377
0.343563
0.35511894
0.33073654
0.30168408
0.3257858
0.31040215
0.38640134
0.33601208
0.3666621
0.3332192
0.35723227
0.34675734
0.3560812
0.3526155
0.3791687
0.35774204
0.37477402
0.37479505
0.38023842
0.33056015
0.34372625
0.36011791
0.36946637
0.35252646
0.34372646
0.31989354
0.3418527
0.35491385
0.38182941
0.33806208
0.3725099
0.41035133
0.37449795
0.40594799
0.36397365
0.37559092
0.36378324
0.31498219
0.36618464
0.3375698
0.36956371
0.35952132
0.38673547
0.35966049
0.38505669
0.3369931
0.35469008
0.32005402
0.3335496
0.29911956
0.40042503
0.33272612
0.38535448
0.39135595
0.38360383
0.35244633
0.38381704
0.34466716
0.40231137
0.33720555
0.40521787
0.39798156
0.39359651
0.36520287
0.38801029
0.33786855
0.37931846
0.36667609
0.40636562
0.35484626
0.34647559
0.3688096
0.34589331
0.33972356
0.37228033
0.34600166
0.38615235
0.36078622
0.40934722
0.32549099
0.40963105
0.36375196
0.38571105
0.36445674
0.36561513
0.34750287
0.37393603
0.33840693
0.34815007
0.35437163
0.34474156
0.31502551
0.32855503
0.33290455
0.34542321
0.33104442
0.37625333
0.35798808
0.3520968
0.34685072
0.35319365
0.31354045
0.34889341
0.33094119
0.37531111
0.33504855
0.37534088
0.36901712
0.42066557
0.40301388
0.39143289
0.34174341
0.36081729
0.32516795
0.34741447
0.32192979
0.37467514
0.34156092
0.35549696
0.33044465
0.38253428
0.3512811
0.38828277
0.35368377
0.37289851
0.34248219
0.36020043
0.3309938
0.39964287
0.35400577
0.36649161
0.35051568
0.3778029
0.33389493
0.41432242
0.38933058
0.38277569
0.40435486
0.36097432
0.34611629
0.34979402
0.32713343
0.36534605
0.31865791
0.35575426
0.35501155
0.37217009
0.36278208
0.36729949
0.32963057
0.37152516
0.33869475
0.37240485
0.3586855
0.34334987
0.30898227
0.39017408
0.34579725
0.3889247
0.36094616
0.38299454
0.34621129
0.37734029
0.34242374
0.37969568
0.37419425
0.39407069
0.35191002
0.37631575
0.33889449
0.37354546
0.33536289
0.35117655
0.32549485
0.38194743
0.3277592
0.3920035
0.34764093
0.36398954
0.34291375
0.37134495
0.36293452
0.36823289
0.31911196
0.31995349
0.30596997
0.36371424
0.32541104
0.37502812
0.38048991
0.3901242
0.36876329
0.3973071
0.35813973
0.36253203
0.34121094
0.3558052
0.31925448
0.34397959
0.33535485
0.35921619
0.30437922
0.40166745
0.35336133
0.36616991
0.42313687
0.36014597
0.343902
0.37810501
0.36217353
0.38223439
0.35039464
0.35454429
0.31209418
0.36944452
0.34101714
0.3999683
0.3736856
0.41799706
0.3818531
0.41110168
0.32999463
0.37845209
0.32211804
0.37183837
0.34489561
0.38315014
0.37709503
0.34198294
0.34753946
0.37477041
0.36505933
0.34976909
0.37480614
0.35358346
0.31663888
0.34811914
0.30505049
0.35906277
0.34382336
0.39646376
0.37162994
0.42064579
0.38152321
0.39950472
0.34749027
0.44066837
0.37536593
0.39981664
0.37149636
0.42477774
0.36512893
0.4034897
0.37163915
0.3646529
0.3437086
0.3296198
0.35348323
0.3561045
0.31244898
0.36476099
0.35874762
0.3892963
0.38797465
0.39151544
0.35793851
0.39090844
0.36633247
0.38238677
0.32971628
0.3883277
0.34815413
0.42289891
0.37214108
0.40304992
0.35649423
0.36286204
0.327139
0.37186429
0.34786641
0.39892819
0.358001
0.38040257
0.34260818
0.35809615
0.35609155
0.36779404
0.33679361
0.3627468
0.34107414
0.39719241
0.35293217
0.4168708
0.3556028
0.36656829
0.37599156
0.38601534
0.33311339
0.38265261
0.32015722
0.36991268
0.3291054
0.37261752
0.35108037
0.39804004
0.36773356
0.39377206
0.37040326
0.35820951
0.34183921
0.35451823
0.32131345
0.35735298
0.32112252
0.38602375
0.36969387
0.41184223
0.38409627
0.39518437
0.3571126
0.36380411
0.32315998
0.37739078
0.34052481
0.34532452
0.33053532
0.34700015
0.35534166
0.34107466
0.31781059
0.38966387
0.37513638
0.35988501
0.32403429
0.36898596
0.3043821
0.38700996
0.36068179
0.37816717
0.35900975
0.35169372
0.32467998
0.35521481
0.31925588
0.37638086
0.34853049
0.37742692
0.39254169
0.36005692
0.39158346
0.36351941
0.35750524
0.37568162
0.32322973
0.34100141
0.31703601
0.42314015
0.37629831
0.40190222
0.39778623
0.39756611
0.38051161
0.37682709
0.32989798
0.33609174
0.30899522
0.3632878
0.35579611
0.36529925
0.34360782
0.38145247
0.3867415
0.3967594
0.3766346
0.38546171
0.34745236
0.39035127
0.35660092
0.3969885
0.34757932
0.39345906
0.32784259
0.3864782
0.33984932
0.37264054
0.34004603
0.37597779
0.3566451
0.38721505
0.38574265
0.38667206
0.39352907
0.3448045
0.31233849
0.35346393
0.35362577
0.34810869
0.32134066
0.35599623
0.34229771
0.38578881
0.36760546
0.37123853
0.34016705
0.38569565
0.33019935
0.38443415
0.37312501
0.34445418
0.3167967
0.37322188
0.31761797
0.37425512
0.3407863
0.42230673
0.39423458
0.42207214
0.35518481
0.36907288
0.35807712
0.39347704
0.40116289
0.36847123
0.39584076
0.36888839
0.3203601
0.34149559
0.32224572
0.37818382
0.33497265
0.36473808
0.33409312
0.3634287
0.32599985
0.38193228
0.36923568
0.36233688
0.32134662
0.36957352
0.33305295
0.40210234
0.38773422
0.41472289
0.40495686
0.35470263
0.32091179
0.32149713
0.31368035
0.35538704
0.30160526
0.41954366
0.35348859
0.40826691
0.37912759
0.37714071
0.33120188
0.37000747
0.33429167
0.38323706
0.34788164
0.40024699
0.38074251
0.40758355
0.37942865
0.36080439
0.32089543
0.3730861
0.3452532
0.40444639
0.33163197
0.38617602
0.32983007
0.36901304
0.35509303
0.35753834
0.3518494
0.34135245
0.32097705
0.36463916
0.34453264
0.33716859
0.35572292
0.36123548
0.33968015
0.36258283
0.34002118
0.365784
0.34866827
0.39288292
0.35094306
0.38410154
0.34778302
0.43853178
0.42008005
0.3984617
0.37004549
0.35611162
0.31431772
0.33522374
0.31682296
0.37977497
0.31185013
0.36074509
0.31743343
0.38953754
0.36165288
0.37469405
0.37590418
0.38386812
0.38517408
0.32992336
0.34219785
0.36740735
0.35241763
0.33432602
0.31103385
0.3631193
0.33832617
0.3739562
0.35504551
0.33548403
0.32493032
0.34245171
0.33195486
0.38107208
0.33369109
0.38079516
0.35264933
0.35178066
0.33482938
0.37305089
0.34160503
0.36229412
0.3311383
0.38966251
0.35240331
0.37062475
0.33395043
0.34723096
0.30033088
0.34980109
0.37202583
0.40140543
0.37396101
0.42074184
0.39258447
0.38352917
0.35040435
0.37089183
0.3646955
0.35447807
0.31370176
0.36812397
0.33941175
0.37787611
0.33205611
0.33859291
0.3647841
0.38452549
0.36514621
0.37913324
0.33297793
0.34963033
0.34763009
0.33388774
0.31179145
0.35082489
0.31472047
0.38611156
0.33180796
0.42953943
0.37154529
0.36773066
0.37161647
0.37176834
0.34118968
0.38601409
0.35241778
0.37952016
0.34611696
0.3744689
0.36469404
0.34120027
0.35263516
0.33445954
0.31661079
0.38523453
0.36179652
0.38193792
0.36413758
0.35721859
0.35955815
0.35762623
0.35583628
0.37141838
0.33553516
0.35064054
0.30991753
0.34186102
0.34216245
0.33351761
0.35081854
0.34281088
0.33904488
0.37787591
0.35424102
0.46141516
0.41592701
0.44867791
0.40637843
0.38647304
0.33879844
0.36991437
0.34457884
0.38648343
0.36021492
0.37316031
0.34114284
0.403583
0.33976659
0.38834531
0.33764793
0.36674287
0.38474854
0.35915336
0.3310237
0.36442591
0.32590308
0.36980943
0.34477359
0.36752874
0.32085537
0.3519507
0.37172162
0.33542027
0.31112444
0.36477748
0.3485315
0.37690167
0.32914686
0.35706883
0.32868602
0.37488171
0.36987342
0.37568641
0.3769523
0.4408293
0.38468346
0.37761202
0.35784556
0.36503648
0.36969379
0.37979456
0.3789531
0.3752657
0.3558407
0.35129184
0.34254131
0.35407896
0.32969229
0.35504092
0.31136501
0.38005281
0.3286601
0.36625387
0.35833807
0.36169873
0.33127963
0.35429012
0.34126118
0.34682125
0.33638903
0.36500179
0.31919742
0.3669412
0.33313222
0.36309624
0.35979176
0.38042764
0.32948519
0.37286115
0.32639729
0.39618674
0.36430014
0.37728215
0.33770654
0.35371232
0.3621647
0.38495094
0.37703807
0.35400555
0.31261734
0.3252857
0.31960514
0.35916936
0.31861483
0.39862697
0.36856038
0.40431918
0.39538937
0.3634861
0.38959489
0.36737731
0.3522793
0.36783979
0.33472504
0.36430621
0.34175964
0.37040503
0.34207201
0.36515585
0.33317755
0.38752066
0.34640393
0.41666388
0.37173983
0.43052579
0.37516002
0.36468453
0.35921224
0.36453344
0.33554156
0.36986995
0.34965544
0.38941375
0.39703108
0.41531886
0.35323522
0.35767886
0.30599649
0.33181106
0.29416004
0.34609676
0.32507405
0.39870853
0.36104251
0.39340963
0.37770296
0.3803249
0.37577906
0.34745409
0.32940804
0.3480365
0.32686986
0.34329284
0.35396597
0.36307056
0.32558941
0.36761686
0.31352647
0.35905549
0.35661563
0.38117568
0.33980696
0.38333015
0.33787217
0.41249959
0.35031836
0.37635427
0.36272204
0.34859539
0.33796118
0.38859982
0.38095324
0.37701843
0.36447709
0.36078999
0.31630895
0.37361057
0.3685353
0.35399333
0.33357327
0.34876914
0.31016285
0.38505222
0.34069243
0.38230204
0.33246574
0.37641163
0.34070901
0.36506046
0.34722724
0.36451557
0.33986931
0.3691748
0.31805236
0.37507223
0.32132672
0.38482316
0.34953926
0.35036159
0.32961553
0.37859354
0.34744193
0.43676764
0.36171385
0.41602863
0.37998597
0.38754859
0.36837231
0.35503999
0.3669137
0.33103092
0.31075484
0.36654554
0.38254452
0.37130152
0.35135328
0.40983404
0.35288768
0.36686012
0.31983753
0.36838903
0.34301355
0.35699937
0.33629191
0.37786558
0.33698046
0.36031837
0.31880518
0.36499213
0.35067573
0.37201898
0.34806256
0.36990469
0.34303095
0.40295862
0.36333541
0.37722683
0.38367601
0.38382446
0.34343345
0.38978239
0.33872752
0.35351266
0.32649787
0.39751643
0.35016302
0.40426832
0.3322877
0.36824929
0.33205568
0.38219763
0.33195795
0.35111158
0.30126922
0.39570701
0.35288736
0.35942358
0.35243856
0.38482616
0.38007587
0.36284513
0.32471066
0.35265915
0.31737085
0.36489352
0.36277159
0.37170251
0.34131944
0.36987107
0.34967487
0.38108559
0.34862616
0.35989181
0.35137797
0.33610436
0.3142859
0.34608376
0.30736118
0.34682363
0.31221433
0.38784868
0.38107476
0.36647528
0.35667025
0.36187968
0.36759824
0.34369281
0.320608
0.3415141
0.31675326
0.36249957
0.37072783
0.39387401
0.37686121
0.38545583
0.35715092
0.38196651
0.32997385
0.38494772
0.35735916
0.35528563
0.33555791
0.37524337
0.33076413
0.36717809
0.32425597
0.36359645
0.3398688
0.39398559
0.37563805
0.36413272
0.37157929
0.39617379
0.33320565
0.37213434
0.33242424
0.35839764
0.34607535
0.40132837
0.36290311
0.37781159
0.33526189
0.3952215
0.34304106
0.35447101
0.34455648
0.37817551
0.33420572
0.41087313
0.36600422
0.39696269
0.34895783
0.34351456
0.32654084
0.36537518
0.32608427
0.38960558
0.36027086
0.4062213
0.34685979
0.34905674
0.31087924
0.34702301
0.31321146
0.3721579
0.32099318
0.40519435
0.34571743
0.39056721
0.40232623
0.41462238
0.40681269
0.37552887
0.32536799
0.38310563
0.35266237
0.37194383
0.33847975
0.34012348
0.31099349
0.39969996
0.35571035
0.41552299
0.40658483
0.40322864
0.37710546
0.35287204
0.32973022
0.36452137
0.33175479
0.38506098
0.37273652
0.38916911
0.38388646
0.40095585
0.39264225
0.37867491
0.35904321
0.36564187
0.38750007
0.40414189
0.41796468
0.39230857
0.38153017
0.36098527
0.34082531
0.38958709
0.34476906
0.39454881
0.37846804
0.3660844
0.36581016
0.36637636
0.31286694
0.36545971
0.37975302
0.38429139
0.38812934
0.36688682
0.36566946
0.35635046
0.33859116
0.37109068
0.35697468
0.3865989
0.3701969
0.37516099
0.35492615
0.35148604
0.30070949
0.37336292
0.35123029
0.35984521
0.33327825
0.3757354
0.34359892
0.39760419
0.35954482
0.37364965
0.37405791
0.35779847
0.35465213
0.40068337
0.33715692
0.33561776
0.30925824
0.35872477
0.33874297
0.36459537
0.35271263
0.3642678
0.34543291
0.36511143
0.33320643
0.37421917
0.33726151
0.3535099
0.32564301
0.3545783
0.31641502
0.4114355
0.35395651
0.41078746
0.36058063
0.39950431
0.38192969
0.36732913
0.33886419
0.35953908
0.30790093
0.35380001
0.31558654
0.38784616
0.303279
0.4093906
0.336367
0.42024841
0.39543883
0.41986372
0.40785287
0.35247793
0.35466743
0.35727432
0.32029088
0.36491709
0.34430034
0.37939536
0.34128191
0.36217431
0.34703369
0.34529457
0.31501107
0.34290555
0.3382514
0.34709597
0.3426141
0.41316019
0.3681093
0.3653684
0.35103828
0.35639426
0.32943206
0.37171802
0.36032115
0.35864457
0.33609121
0.34140755
0.35662232
0.32782398
0.33080719
0.34938008
0.34517179
0.35844694
0.33292497
0.36100375
0.32968894
0.38927196
0.34246204
0.39946618
0.36673438
0.35905351
0.37751881
0.44213249
0.3526811
0.39660829
0.35915584
0.37110488
0.39578048
0.36937946
0.36470258
0.34457325
0.33671929
0.39784586
0.32519287
0.39395439
0.37560412
0.40672444
0.35887852
0.41304319
0.34949043
0.37835363
0.34806397
0.35834913
0.37196045
0.39008648
0.38690029
0.37155455
0.35715996
0.35979676
0.31871429
0.35576661
0.32275446
0.40079843
0.37209105
0.39020311
0.34064559
0.36746761
0.31781562
0.35431176
0.32440019
0.37514293
0.32445616
0.38842509
0.34481071
0.38958938
0.40387715
0.38115993
0.37147005
0.39305757
0.34395877
0.39139918
0.34777422
0.3652048
0.32302586
0.36896015
0.35458504
0.40822358
0.34042766
0.3949902
0.36664574
0.40433531
0.36617797
0.38491159
0.36572082
0.3363086
0.31763638
0.37593116
0.3422168
0.39137551
0.37138703
0.36998236
0.33949711
0.3652864
0.32764913
0.34611112
0.31913225
0.37611338
0.33069923
0.43159398
0.3646541
0.41970209
0.35905444
0.42355193
0.3422475
0.4137161
0.379116
0.38716892
0.34455184
0.40688342
0.36309181
0.39720112
0.37181014
0.37056918
0.3332668
0.36771871
0.335685
0.37281765
0.35231664
0.35236637
0.33422128
0.35587186
0.32182666
0.35533544
0.36177091
0.39922332
0.37793418
0.37539183
0.33995914
0.36193036
0.36235853
0.34719145
0.35006791
0.38880934
0.37467697
0.41470532
0.36080789
0.40770934
0.35348782
0.38070388
0.36104252
0.423461
0.34791288
0.39186866
0.36537524
0.37825199
0.32796868
0.35135238
0.33645444
0.38731881
0.36572601
0.39572863
0.36349366
0.40004682
0.36100125
0.3795778
0.33600686
0.36908805
0.32908388
0.39901073
0.36443858
0.36743183
0.37308246
0.35561478
0.31542315
0.38045122
0.34530499
0.40750029
0.39693089
0.35736481
0.34037255
0.35579989
0.32012098
0.39554638
0.34562771
0.38692885
0.34782786
0.39024249
0.34963144
0.37455321
0.37288754
0.37120275
0.36692025
0.37407195
0.32822848
0.37249118
0.3297565
0.33229135
0.31028257
0.38017813
0.3646749
0.38957127
0.39790662
0.36650251
0.39869632
0.35797485
0.32891869
0.38025508
0.32541415
0.38091008
0.34905819
0.38001707
0.33985554
0.39378086
0.38253027
0.35221176
0.33596996
0.38245812
0.35558022
0.39426325
0.38138223
0.38560993
0.39181529
0.39332645
0.40225849
0.36280848
0.34548533
0.34233873
0.32781854
0.36096393
0.33436967
0.36202402
0.31778449
0.36612144
0.33960725
0.36607666
0.35352223
0.34839438
0.36965447
0.35335352
0.32974829
0.37970998
0.37031669
0.39151282
0.35081461
0.36661072
0.34504817
0.38972712
0.3610493
0.39871433
0.36226201
0.33527858
0.30227148
0.34657116
0.3352316
0.38638675
0.34476756
0.35029333
0.33159413
0.39093712
0.34101867
0.36641113
0.32755335
0.37027476
0.32988954
0.34878389
0.36849777
0.37377067
0.33540664
0.35768682
0.34155474
0.38557034
0.3488366
0.37057896
0.3839768
0.34689893
0.32897337
0.37664048
0.36374467
0.42373035
0.41212164
0.40113177
0.41247234
0.38702805
0.35356259
0.36649562
0.33996233
0.35635955
0.33627955
0.37415453
0.33747922
0.36010748
0.35536701
0.35048149
0.369622
0.40402664
0.39239144
0.35263904
0.32544725
0.34628852
0.3180858
0.40571692
0.34932533
0.37479622
0.37974422
0.39960643
0.35903701
0.36212309
0.33258649
0.39133363
0.33632503
0.37874552
0.3467615
0.39309001
0.35038372
0.38424956
0.34752497
0.36478661
0.34240398
0.3570264
0.33350063
0.36509385
0.3234201
0.36712136
0.35481593
0.37330158
0.34521281
0.38643047
0.37724394
0.40699286
0.34907051
0.3802127
0.33605388
0.37624262
0.34855363
0.3720439
0.32960279
0.38819374
0.35186311
0.38756569
0.37597061
0.39042748
0.38601839
0.37285077
0.34291333
0.35880544
0.36500107
0.37613733
0.36865341
0.36638682
0.35313422
0.40009237
0.36556723
0.35929946
0.33331756
0.36894158
0.35377413
0.38877899
0.37031797
0.38466699
0.34028184
0.39815477
0.35956532
0.3623861
0.32970376
0.35866757
0.31487019
0.37403384
0.33549722
0.3771859
0.34300343
0.42456674
0.39428028
0.39307679
0.3627262
0.36246827
0.36046833
0.35987127
0.33135816
0.35252159
0.32688155
0.34453396
0.341977
0.36826643
0.33467094
0.36195267
0.34124304
0.3680798
0.32688819
0.36750825
0.35564234
0.37328726
0.34469412
0.35648263
0.33915465
0.3552834
0.34203678
0.34262363
0.31626277
0.33545642
0.33685292
0.355815
0.37352018
0.35964505
0.34238523
0.35085235
0.36362559
0.38479005
0.33398655
0.37586373
0.33997433
0.32871748
0.34896601
0.34055941
0.32487915
0.33163195
0.29591
0.36911018
0.3518108
0.3883193
0.36397948
0.39140537
0.33728805
0.34595365
0.30127518
0.36871194
0.37929469
0.3906425
0.37113092
0.37093238
0.3503951
0.33560983
0.34539137
0.36105241
0.33346444
0.40394215
0.34584035
0.38300524
0.34908875
0.34510756
0.33319126
0.33497902
0.32355496
0.34636129
0.36798868
0.35940108
0.33017775
0.38578679
0.36107695
0.4002769
0.35793633
0.34868827
0.34052762
0.36200663
0.35052893
0.36338236
0.34193242
0.35999302
0.34663627
0.37549847
0.33031518
0.38575449
0.36539938
0.39677398
0.3576574
0.36406604
0.38518713
0.33957994
0.36795591
0.34508762
0.31962386
0.33749371
0.31450226
0.36155419
0.31762193
0.40716728
0.38933627
0.38580831
0.38396123
0.38114291
0.30742072
0.36468517
0.31724507
0.38292798
0.33569272
0.4137169
0.37692156
0.37284346
0.36250957
0.33514111
0.31628425
0.3566458
0.329099
0.35838502
0.32120175
0.33934134
0.32683958
0.3917782
0.34916469
0.40443643
0.3793869
0.3738342
0.33694501
0.35535376
0.31657464
0.39745257
0.33622049
0.38717808
0.37899381
0.3956593
0.35992472
0.39072838
0.35644541
0.39167653
0.36631134
0.39268364
0.38710021
0.36842822
0.33210066
0.39544733
0.35140547
0.41538102
0.38316067
0.44606153
0.3884411
0.40529865
0.34025093
0.40447218
0.35048132
0.37485912
0.38416991
0.35172534
0.3523666
0.33033457
0.30950986
0.34754203
0.32730541
0.36146853
0.34143374
0.35534057
0.32045037
0.3554467
0.33919954
0.36570697
0.32905475
0.36422588
0.33927922
0.33968817
0.32584883
0.34708964
0.2880771
0.32750216
0.29545212
0.4074627
0.34393607
0.42658807
0.39720461
0.43876175
0.41475018
0.40308215
0.35383348
0.34316208
0.36272874
0.38336868
0.32531555
0.33907655
0.32115544
0.41316432
0.39517067
0.38105545
0.34677007
0.36306624
0.33569907
0.35680793
0.34845522
0.3595266
0.34113158
0.35286584
0.35337841
0.34545003
0.35047932
0.36715218
0.32088793
0.34710144
0.30196391
0.36671545
0.3398408
0.40067922
0.35731261
0.43691921
0.40006374
0.40058958
0.40303297
0.38393585
0.32425824
0.33875811
0.34973645
0.38000674
0.35766475
0.34726698
0.33472872
0.34533335
0.31580417
0.3533509
0.31964297
0.37430401
0.35701262
0.35584901
0.33645205
0.35254873
0.32778286
0.36777052
0.32367343
0.38029022
0.36631703
0.37100903
0.38824842
0.3574489
0.34575273
0.35196623
0.33715692
0.35667965
0.33578909
0.38029522
0.35141162
0.40673586
0.36714832
0.43169038
0.38929109
0.40751939
0.37187516
0.41217153
0.38184016
0.37857193
0.37815889
0.39195577
0.35009296
0.39405295
0.34642315
0.34311373
0.33449549
0.39166838
0.32754072
0.37470667
0.33323946
0.38650901
0.33071892
0.35641162
0.31196556
0.35367098
0.36474358
0.39272229
0.36062432
0.37212941
0.3530273
0.36246478
0.34716186
0.36158859
0.34320847
0.38347958
0.35025868
0.37393191
0.33310355
0.34829973
0.31382568
0.3802233
0.34027596
0.41745359
0.35003983
0.4106121
0.36593103
0.39534546
0.35244113
0.40779089
0.3518203
0.37619031
0.3511888
0.35435195
0.34675206
0.3482768
0.33598101
0.36069468
0.32821023
0.34000982
0.30197552
0.3317129
0.31731406
0.37984846
0.33645121
0.39667722
0.36275134
0.38113945
0.32880752
0.3655577
0.34103212
0.3523969
0.31253138
0.38892611
0.35272532
0.40452072
0.37554655
0.41419994
0.37284332
0.37759092
0.37784693
0.35016472
0.34670238
0.39744813
0.40019765
0.38161414
0.3525286
0.4186669
0.38989515
0.36910625
0.35944245
0.35828307
0.34324481
0.38133433
0.3570387
0.36095555
0.34501206
0.37799699
0.33585766
0.35752869
0.33994228
0.37696565
0.3387396
0.41175562
0.36016558
0.39240949
0.34007827
0.3728829
0.36397536
0.41260893
0.34868701
0.36068195
0.3387086
0.33989761
0.34141285
0.38894913
0.35902083
0.36633613
0.39730795
0.38809695
0.36804013
0.34878292
0.33919126
0.35892096
0.33342343
0.35095167
0.3363893
0.33751915
0.32312965
0.32904046
0.30962098
0.37037998
0.31041804
0.40432114
0.3519021
0.41286739
0.36874733
0.41688061
0.40457919
0.39579066
0.37677779
0.37365569
0.35668913
0.35901819
0.33239596
0.37855377
0.36122936
0.39316873
0.36515441
0.38637686
0.38964914
0.3857473
0.39427214
0.34644149
0.31052252
0.30914145
0.29716861
0.37923193
0.32753873
0.41308691
0.37743786
0.41633149
0.36774861
0.41497919
0.35868427
0.379228
0.34498388
0.34172861
0.31040108
0.33891117
0.30897997
0.33937187
0.30216014
0.36256849
0.33085372
0.37060182
0.31927744
0.37780554
0.31606186
0.37427915
0.33948595
0.4235561
0.35218231
0.42244051
0.36146793
0.41763189
0.35943256
0.41084497
0.38619207
0.3908146
0.35566577
0.38352472
0.34697059
0.38081413
0.33962968
0.37970809
0.39217124
0.38540221
0.39006007
0.3573781
0.34439399
0.33726044
0.33977009
0.36293499
0.3451742
0.36746938
0.32594006
0.3439708
0.32968843
0.3606226
0.33824369
0.37121318
0.36635242
0.40888611
0.33900059
0.39446799
0.32941978
0.40498048
0.34048233
0.42040136
0.3461417
0.37140937
0.34543471
0.37273136
0.33048533
0.36782639
0.36650524
0.362365
0.32904647
0.36844266
0.40929973
0.38689431
0.36165253
0.40282673
0.39820931
0.34936239
0.34683309
0.35223115
0.34325639
0.41628826
0.33312384
0.37078491
0.33959158
0.37823301
0.32422041
0.38347371
0.35757477
0.3813533
0.35536854
0.36960052
0.36570849
0.37675557
0.32492765
0.39306925
0.33196918
0.43844566
0.39142079
0.36873252
0.31086114
0.36531395
0.29432858
0.38887122
0.33189458
0.3962009
0.3527039
0.39243137
0.38074956
0.37935383
0.41511533
0.41114536
0.35469469
0.37165715
0.32990115
0.36831742
0.35112122
0.37345024
0.32656383
0.34258673
0.31401683
0.3436768
0.33395658
0.38433005
0.34501265
0.41027379
0.36737449
0.36432812
0.31287748
0.34382097
0.32550888
0.35596711
0.32289651
0.38206331
0.37895054
0.37427993
0.3677746
0.37727092
0.39839568
0.34874778
0.3185519
0.34689347
0.33944019
0.35503206
0.33134197
0.35001358
0.3123365
0.36041356
0.34710011
0.39068486
0.34570624
0.38838209
0.39301798
0.38122201
0.34228304
0.36715192
0.32533151
0.36491889
0.33851393
0.36715727
0.32321101
0.39522755
0.35038669
0.37779408
0.34951152
0.39339763
0.36996904
0.41195267
0.39514638
0.38480714
0.40311696
0.38710519
0.34105486
0.35573589
0.35064467
0.34359841
0.33555118
0.35187823
0.32202541
0.39949463
0.36661692
0.38431654
0.33238667
0.38671356
0.39257197
0.38602032
0.33101255
0.37194668
0.33558581
0.39777926
0.37148379
0.37241036
0.36897526
0.37388729
0.35058547
0.37008386
0.34740477
0.35063946
0.3319364
0.37269584
0.33373361
0.36762457
0.32097383
0.40115016
0.34754246
0.36814054
0.35869951
0.35986377
0.36040625
0.34376521
0.39139056
0.35042336
0.3330189
0.33501516
0.28267259
0.41051439
0.34243188
0.44141343
0.34461002
0.38701481
0.37308888
0.40186951
0.38205043
0.39915568
0.38273398
0.38577971
0.3611538
0.35643529
0.3526007
0.39982454
0.40853853
0.39805058
0.36843611
0.37035138
0.34868762
0.39306999
0.40200726
0.39546892
0.39071795
0.38505838
0.37202614
0.39238771
0.34553341
0.34980144
0.31686224
0.35687125
0.36073553
0.39102045
0.34288867
0.38008882
0.33851733
0.36827527
0.3468242
0.34428454
0.31843473
0.38956879
0.33414202
0.40534187
0.37856732
0.40763749
0.35921935
0.39198336
0.37758437
0.35266156
0.34055255
0.35329954
0.33986461
0.34064445
0.29655959
0.34510937
0.31208973
0.3833393
0.36362001
0.35267917
0.35269238
0.34608388
0.34417976
0.33587436
0.31539862
0.34377864
0.32378567
0.3556634
0.33728403
0.38888403
0.34857072
0.40502467
0.35999351
0.34986496
0.32055762
0.37176724
0.34144169
0.3770716
0.31362406
0.37300633
0.34988185
0.38194644
0.36977632
0.40988644
0.36503131
0.3561186
0.33814431
0.33485574
0.32112391
0.33499568
0.31338714
0.36753481
0.35321115
0.3951885
0.35639788
0.32424828
0.2896245
0.32291521
0.28772577
0.37683682
0.34383929
0.40059288
0.42727671
0.40260518
0.34968373
0.35465001
0.34253532
0.37519029
0.37700285
0.39178781
0.38345327
0.37960073
0.35540715
0.37637416
0.37923933
0.36686825
0.35207351
0.35144794
0.33137249
0.33465914
0.30588446
0.34934985
0.31706867
0.36983623
0.34033109
0.39519819
0.37070293
0.36542293
0.34484461
0.35518159
0.35990275
0.37767092
0.35022515
0.37827414
0.36039976
0.40519245
0.3467168
0.37687165
0.33411654
0.36906364
0.32912838
0.35432403
0.32250488
0.36132132
0.33387604
0.37756367
0.37380971
0.37825697
0.35998795
0.35149487
0.35765864
0.35066414
0.32100645
0.42380501
0.36099437
0.35968558
0.3524326
0.35492825
0.32750124
0.380765
0.32677757
0.36177297
0.335354
0.36130264
0.32300387
0.32364616
0.33592061
0.39731573
0.3404781
0.36539523
0.36685775
0.37761782
0.34851598
0.35856275
0.33922401
0.3638481
0.33617779
0.38064638
0.3660949
0.37554182
0.36479804
0.3748685
0.33861054
0.36879249
0.32690889
0.3675212
0.32844443
0.40366326
0.35636138
0.39768419
0.3485205
0.38911913
0.3766794
0.36223989
0.34526006
0.35540785
0.36915368
0.37623802
0.35062592
0.37385611
0.32826062
0.38122734
0.36374334
0.36782386
0.34760984
0.3786991
0.38085226
0.36719569
0.35084475
0.33733059
0.31512921
0.38646127
0.32925055
0.41731324
0.38003571
0.4042125
0.37076301
0.39271986
0.34764482
0.37852928
0.3388343
0.37986366
0.33942917
0.40237188
0.36212352
0.3932675
0.34834292
0.3787404
0.35809308
0.3964471
0.38712184
0.36675456
0.3222368
0.37025772
0.34543214
0.37821873
0.33938041
0.37297025
0.33598361
0.36719371
0.32729092
0.36855504
0.32265741
0.38686231
0.33458433
0.37351557
0.34821376
0.37290991
0.34120117
0.39239652
0.34574071
0.39207587
0.37729796
0.4230686
0.37712133
0.4049708
0.36501915
0.40785176
0.37946572
0.37041706
0.33425226
0.3508178
0.31559225
0.33561934
0.33105408
0.35273782
0.31066147
0.39253912
0.34108963
0.42636898
0.36687213
0.3796443
0.36740621
0.36922287
0.32943966
0.38617266
0.34013767
0.39090752
0.34332203
0.40345134
0.37070868
0.36691944
0.31759027
0.34351399
0.29188418
0.37412324
0.311869
0.41701033
0.3381094
0.41757361
0.36591282
0.43697225
0.39420601
0.38333975
0.41360939
0.39421034
0.35160024
0.35343071
0.3124991
0.34688889
0.32999763
0.35626175
0.31521351
0.40190833
0.41129927
0.38273846
0.33465996
0.34827113
0.34239941
0.3865472
0.35098676
0.38724762
0.36490882
0.37696721
0.34463362
0.3811986
0.37266804
0.39578526
0.36735648
0.38954119
0.37573119
0.36166688
0.33105241
0.34422429
0.32012538
0.34087019
0.31457611
0.36418176
0.31308165
0.38215136
0.34943541
0.38829439
0.35591406
0.37084107
0.34417856
0.37873801
0.34754511
0.34690388
0.33776166
0.36007509
0.33378932
0.39812784
0.3448438
0.41821853
0.36105183
0.35596392
0.32561838
0.33157246
0.30713416
0.32885454
0.38754354
0.36233753
0.34357939
0.38616893
0.40340789
0.36271675
0.3701414
0.35147215
0.34038559
0.37236077
0.32038375
0.3335126
0.34459043
0.36054599
0.34558746
0.35793047
0.35582026
0.35040668
0.35996019
0.34091417
0.30857351
0.3172884
0.31952615
0.33267631
0.30615972
0.37083837
0.36248708
0.37552902
0.32651898
0.39577313
0.36068452
0.40296821
0.37216821
0.37006973
0.34767674
0.38224327
0.32471148
0.37796552
0.33929715
0.33923522
0.30534768
0.33474513
0.32420462
0.37454237
0.33082155
0.35811044
0.31989559
0.33939264
0.30364506
0.3430829
0.3097429
0.36391126
0.35553074
0.37300987
0.35046242
0.39440865
0.35405736
0.39162047
0.40422362
0.39192163
0.40026877
0.38262276
0.3263712
0.33340939
0.32140138
0.354259
0.38415994
0.38484576
0.36175741
0.33888726
0.30662283
0.36080642
0.31024311
0.37515036
0.33690201
0.37367943
0.34989288
0.37035882
0.33899943
0.35476147
0.34241757
0.38907525
0.33643179
0.33847272
0.33061244
0.32836876
0.33045221
0.34253438
0.3198056
0.36373315
0.32527271
0.3793606
0.3870951
0.3811775
0.37969329
0.3674788
0.36158234
0.36699682
0.32254583
0.35278035
0.31277184
0.36349177
0.32947206
0.34385531
0.33119667
0.37384701
0.32737731
0.38314921
0.33339502
0.38783386
0.3898888
0.41383461
0.37194359
0.39144682
0.35105466
0.36179686
0.33496569
0.35352348
0.3255903
0.36666087
0.34848188
0.4120161
0.3657643
0.37184756
0.35348937
0.41475047
0.38120699
0.38803145
0.34123856
0.36335272
0.3270536
0.37165362
0.32350267
0.38132284
0.32512648
0.39232197
0.33907299
0.35748764
0.32793179
0.37037548
0.34528587
0.37087465
0.35669804
0.38330972
0.3566887
0.37100404
0.37585418
0.36934554
0.37157881
0.34757695
0.34927431
0.36601597
0.33338885
0.36679205
0.3159809
0.34650374
0.33417408
0.34660739
0.33915229
0.36573499
0.3159396
0.35488618
0.30792072
0.44006666
0.33711365
0.43587443
0.35653121
0.39159557
0.35032897
0.40405196
0.37593632
0.37293633
0.31569573
0.40090732
0.34756953
0.39017058
0.36770535
0.39227898
0.35943418
0.32201076
0.32188703
0.33585177
0.32849951
0.37600593
0.33640059
0.41579691
0.36370098
0.38230797
0.35683213
0.3387332
0.32955418
0.33784208
0.35897101
0.36411524
0.32234137
0.35586288
0.31703006
0.43189618
0.35988408
0.42808601
0.36890978
0.42489354
0.36755449
0.4018739
0.36411014
0.37131289
0.33722948
0.35068595
0.33562333
0.36544669
0.33303107
0.35447725
0.32811879
0.40813148
0.38290326
0.42528167
0.37145141
0.39159077
0.34188104
0.41607549
0.3864999
0.40966707
0.38881002
0.37376775
0.36463086
0.37522537
0.35722947
0.35750536
0.33466089
0.36497214
0.34939141
0.3954363
0.36920104
0.39105023
0.33833628
0.34899239
0.30523893
0.36913333
0.31898326
0.35170678
0.3349301
0.36457367
0.33135216
0.36338944
0.33354477
0.38379209
0.38444831
0.38298012
0.36406195
0.36687405
0.37381636
0.37162617
0.3504964
0.35177604
0.31209498
0.37495922
0.34600219
0.35876521
0.37045695
0.34583998
0.30892178
0.3726366
0.32944433
0.3522728
0.32651138
0.34777271
0.32514481
0.34668703
0.34830966
0.33277897
0.32971092
0.35369477
0.39117373
0.3742569
0.40961601
0.38377043
0.34165541
0.35914412
0.32614272
0.37611241
0.36484724
0.38526502
0.33726011
0.34993471
0.346869
0.33468545
0.37838281
0.37116863
0.3699331
0.39192295
0.33303918
0.36807095
0.35826591
0.34724302
0.34250514
0.35838658
0.32847742
0.36995487
0.35097057
0.34781429
0.31431477
0.35299966
0.35432137
0.36823235
0.36472326
0.32142515
0.32113047
0.33668574
0.3204272
0.3682211
0.34610293
0.37882788
0.36005438
0.39598029
0.36027509
0.37129731
0.33234408
0.36673056
0.36051187
0.35700207
0.34071032
0.35033075
0.35140206
0.35821917
0.33523498
0.35655405
0.32586689
0.3641763
0.36718801
0.37993899
0.36244632
0.38841226
0.35252484
0.35364931
0.32094331
0.36833736
0.31754533
0.3749497
0.31456177
0.37263059
0.33915646
0.37751142
0.33307763
0.34647661
0.34034844
0.36621212
0.33521374
0.39919837
0.34442779
0.36395902
0.37307258
0.37402581
0.34203164
0.356144
0.34301332
0.35910448
0.33316242
0.40030303
0.3223705
0.39770834
0.38438645
0.42914288
0.39695865
0.37204055
0.33010788
0.36149053
0.33193731
0.34345788
0.2988647
0.35794982
0.36068972
0.35807543
0.31574708
0.35860407
0.33545876
0.35075634
0.3357733
0.34031069
0.33938465
0.36034754
0.32354543
0.36331206
0.35036637
0.3461152
0.3341377
0.33948882
0.31225408
0.33919609
0.30840512
0.37402477
0.32614529
0.38557578
0.34475279
0.36964043
0.35979495
0.38597959
0.34172164
0.4261391
0.37192064
0.38571496
0.35297651
0.39557032
0.36345923
0.39251923
0.34961497
0.37097625
0.36662302
0.36703651
0.35347952
0.35222523
0.33135956
0.34024562
0.30975635
0.40396304
0.34680339
0.37171076
0.3413165
0.37491794
0.33493722
0.37362221
0.33854876
0.39152171
0.34154133
0.37323672
0.31648863
0.36691155
0.31568815
0.42685799
0.3642655
0.40984401
0.41017908
0.40812726
0.38805225
0.38397971
0.37629318
0.36179324
0.32681585
0.36411557
0.32633258
0.37313823
0.33820837
0.38417357
0.34554884
0.37734478
0.36953591
0.36417671
0.34085688
0.38237844
0.3249622
0.38716139
0.34591434
0.40008958
0.3640115
0.3712407
0.36683303
0.35635825
0.32206842
0.3583901
0.324707
0.36938955
0.35036898
0.38006162
0.34891518
0.4036451
0.34634974
0.35141453
0.31950326
0.37286749
0.33760495
0.36546056
0.32395407
0.38099163
0.32111402
0.34769337
0.30458142
0.364709
0.33978543
0.36202917
0.32647755
0.38357693
0.32191682
0.37350902
0.32496593
0.38084729
0.36920754
0.39337003
0.38095592
0.37303955
0.35302957
0.32290951
0.37277843
0.38441596
0.32440242
0.42299704
0.39385172
0.42321797
0.39073475
0.38509014
0.36250557
0.3591247
0.38079186
0.34818991
0.32765132
0.34900769
0.31266063
0.38798669
0.35673309
0.37366362
0.33847364
0.39277062
0.37677118
0.3942958
0.36017786
0.3527856
0.31484074
0.33822842
0.30325741
0.39369509
0.33219723
0.4216579
0.36338762
0.3808984
0.37790208
0.38638531
0.39679515
0.37183977
0.33284655
0.3697122
0.33066235
0.35703793
0.35622164
0.41139056
0.37602897
0.37546945
0.37593309
0.35126217
0.33239951
0.32037442
0.30730331
0.36049865
0.34443736
0.37541262
0.33712365
0.39914547
0.37813758
0.4279217
0.37790946
0.3647726
0.33182058
0.35943435
0.34627701
0.36624074
0.32231571
0.39485572
0.38439212
0.37066929
0.38891811
0.34181685
0.35250616
0.37097915
0.33633134
0.38486298
0.32802664
0.38607787
0.36668033
0.37311853
0.35406438
0.40183666
0.34591933
0.37678399
0.34494969
0.33792126
0.31931626
0.33901142
0.34835342
0.39223584
0.36804815
0.38417516
0.3527304
0.38326327
0.34478904
0.37116767
0.33354939
0.36696945
0.34945626
0.3510649
0.34858575
0.3614536
0.34716075
0.35813851
0.34821676
0.35945648
0.32832776
0.35482697
0.32384278
0.34378086
0.31694809
0.35985288
0.31578986
0.38543557
0.34931497
0.35948849
0.31045477
0.39379341
0.33602663
0.41128238
0.36751648
0.35971354
0.35284886
0.38349567
0.3624014
0.42411136
0.39868467
0.42291127
0.40593371
0.36939281
0.36504671
0.35360059
0.34964286
0.35195814
0.31311989
0.36945163
0.32737784
0.38084931
0.34314378
0.3601145
0.32752171
0.36849711
0.32186474
0.40049122
0.37435721
0.42120021
0.39718564
0.38136599
0.37786599
0.39414486
0.35421392
0.37016066
0.36145187
0.37939654
0.3389219
0.38145289
0.35409664
0.37770976
0.32313235
0.35659684
0.32619744
0.36965973
0.3590656
0.38982881
0.36226877
0.41121125
0.3446615
0.38852628
0.36463917
0.39283367
0.38240905
0.38239547
0.38264561
0.34546878
0.32737619
0.34786077
0.31236873
0.3614222
0.32393786
0.39818384
0.34626332
0.36141011
0.36232276
0.37621888
0.3169509
0.34563421
0.31035758
0.4152944
0.34838966
0.4056417
0.40480768
0.40455408
0.3509504
0.37649633
0.36550649
0.36855585
0.32502121
0.39177271
0.34051683
0.35973919
0.32880517
0.34589236
0.32926799
0.33366295
0.32264686
0.36409265
0.33621568
0.34078159
0.36918037
0.33812877
0.33944777
0.32571319
0.33400966
0.33189636
0.30283748
0.3813736
0.33461683
0.40358649
0.3505924
0.38402204
0.34963335
0.4133095
0.37614448
0.35791128
0.37133349
0.36095047
0.3544152
0.35940007
0.32734023
0.36043761
0.34309809
0.34888431
0.34017159
0.35789686
0.31715326
0.32932874
0.30994516
0.33921941
0.31586557
0.3436785
0.32049062
0.37370396
0.31795633
0.4163145
0.34394579
0.41092853
0.37522436
0.400741
0.32565521
0.39678644
0.34201936
0.41215124
0.3842325
0.41628466
0.37944632
0.40362049
0.39621378
0.41802707
0.39082717
0.367892
0.33444143
0.35327824
0.3106391
0.3358167
0.33702977
0.37475334
0.3747661
0.38652223
0.37428447
0.34471074
0.36112974
0.37087484
0.34551503
0.36232747
0.38230577
0.38539768
0.3375647
0.39218777
0.35619203
0.39785891
0.36820904
0.39864446
0.37861689
0.37688851
0.33838439
0.36395455
0.32089885
0.34753556
0.32337445
0.39230016
0.35866944
0.38149178
0.37524638
0.38582387
0.36012501
0.36329816
0.33418154
0.36782858
0.3393937
0.33792879
0.37981812
0.35674936
0.39302947
0.37085891
0.36993206
0.35403347
0.3637575
0.32414328
0.30970696
0.36056718
0.29726439
0.36456265
0.33414735
0.38488416
0.33523241
0.40029813
0.38582933
0.3585497
0.31759716
0.38187302
0.32374147
0.36302901
0.32645597
0.38165766
0.33920338
0.3677126
0.34230536
0.36548723
0.31995291
0.42106309
0.34730182
0.40656189
0.38029752
0.41260813
0.39184773
0.4047603
0.38501528
0.40090412
0.35840313
0.39235136
0.31590749
0.35835984
0.30889689
0.37349435
0.32753178
0.40318123
0.38528977
0.42565048
0.38924609
0.38068437
0.35958519
0.39584663
0.3676579
0.36760524
0.34068199
0.34540816
0.31754004
0.32937521
0.31363446
0.35875381
0.32517156
0.4192034
0.35947877
0.36102578
0.31541847
0.33202246
0.32357021
0.34650682
0.32882699
0.37961161
0.34648736
0.36759104
0.33753532
0.39664395
0.36069237
0.38034133
0.34851756
0.36793166
0.36189423
0.3370964
0.3515472
0.34486361
0.31144229
0.38482802
0.34273796
0.36649293
0.34982609
0.35387626
0.32869944
0.34202009
0.34718868
0.36401594
0.35521034
0.34876896
0.33257329
0.36814021
0.30755498
0.37512836
0.35542957
0.37826731
0.33571864
0.39343628
0.36212144
0.4095108
0.35449947
0.37768833
0.3593246
0.40989006
0.35554065
0.37479502
0.3870282
0.37292741
0.34077141
0.36853015
0.3299237
0.35281959
0.34014847
0.3742232
0.3362374
0.37263054
0.34399785
0.34982311
0.30403999
0.39205576
0.33045804
0.42438211
0.37625731
0.39905263
0.36440705
0.35894811
0.36148507
0.36710538
0.30945808
0.3455074
0.34315628
0.40078743
0.36191978
0.40352049
0.35920048
0.3862648
0.36798044
0.37165481
0.36069879
0.37002785
0.37586704
0.37487999
0.3578053
0.34662018
0.2930797
0.37984252
0.33678417
0.38755839
0.35436942
0.37649523
0.42368128
0.34903771
0.30493647
0.37663438
0.3160674
0.37780222
0.3278609
0.38625824
0.35699149
0.37085149
0.34076651
0.36665428
0.3311866
0.42363343
0.35083484
0.40238245
0.35282491
0.35243
0.3491889
0.3783168
0.33715814
0.35948761
0.39177645
0.35001717
0.31711758
0.35027494
0.30970405
0.37093643
0.34598596
0.37194055
0.35224416
0.36237164
0.36653888
0.36696533
0.36069069
0.3803469
0.37398686
0.38749687
0.39599788
0.39139755
0.35744136
0.36623043
0.33311408
0.35278153
0.3153544
0.34490281
0.30290288
0.36440012
0.32167395
0.42045463
0.37848879
0.41925304
0.38677274
0.40512368
0.35896595
0.35025049
0.33146584
0.33147686
0.2810534
0.38717709
0.34134215
0.43736547
0.37064184
0.37467024
0.36746347
0.36278267
0.32647557
0.34567411
0.31989579
0.35258145
0.31847365
0.34867739
0.31778172
0.34029483
0.32751222
0.36886839
0.33375001
0.36452622
0.3185509
0.39079768
0.37812792
0.39930502
0.35737755
0.34461193
0.31673096
0.35039338
0.32910706
0.39285441
0.33666855
0.41679885
0.38066671
0.42088937
0.39230268
0.39664437
0.33509555
0.39111217
0.36221086
0.3955275
0.36326609
0.36569904
0.35742523
0.36609403
0.33525322
0.34825159
0.34641664
0.34347601
0.3202834
0.43287137
0.37136752
0.34468416
0.35765507
0.36367824
0.31862953
0.3430856
0.32938987
0.37163546
0.32137503
0.37713221
0.33139027
0.38336427
0.34441273
0.39245867
0.36235944
0.35543501
0.37012355
0.33032113
0.32225814
0.34568904
0.33075538
0.35150041
0.33261625
0.38182472
0.36926019
0.38477933
0.34151542
0.33540675
0.33442495
0.35094567
0.35218109
0.3607677
0.31974361
0.35351975
0.3224216
0.38299937
0.350637
0.3514642
0.32829538
0.36192773
0.31503697
0.34258025
0.33594938
0.37742266
0.36974232
0.33973869
0.33341704
0.32575827
0.35202171
0.34927791
0.32312363
0.35157374
0.32092959
0.36874846
0.35222704
0.39281647
0.39221596
0.3504469
0.33666563
0.36907958
0.33243696
0.3434511
0.31767925
0.39788437
0.33797635
0.35721771
0.34320564
0.36463266
0.37814404
0.34974571
0.36096613
0.3319605
0.35963305
0.36436592
0.36265138
0.37155607
0.33471665
0.36966581
0.36350968
0.38398759
0.34292044
0.40890539
0.33858335
0.39800162
0.35874779
0.38434666
0.33168908
0.36740244
0.34435888
0.37912762
0.35552825
0.39036489
0.3533157
0.3347796
0.31850946
0.38485102
0.32500018
0.38181515
0.32935265
0.40697017
0.35275208
0.41201979
0.35620891
0.40550816
0.38360635
0.36812958
0.34910968
0.33837431
0.34877267
0.33783635
0.32622456
0.3844227
0.36408684
0.38290894
0.35442827
0.37135778
0.36662121
0.35327171
0.33454242
0.32789953
0.35343846
0.35347054
0.2933665
0.38776816
0.33249306
0.36956507
0.36401426
0.3664814
0.35418065
0.381801
0.36366374
0.37622769
0.31565739
0.37611647
0.31351384
0.42143595
0.40393475
0.41451379
0.35255795
0.37396135
0.34223551
0.39429255
0.34090707
0.39015215
0.35597662
0.36547525
0.32600729
0.3783828
0.3718191
0.36964307
0.34770742
0.37658048
0.361152
0.37824445
0.3429167
0.37995245
0.35787764
0.34184973
0.32226141
0.3616243
0.31754055
0.36236995
0.31269478
0.38098388
0.34495044
0.40308134
0.37217878
0.37338113
0.34504146
0.36047769
0.34627159
0.37281374
0.33771187
0.36635104
0.32710861
0.37864912
0.32929813
0.40110695
0.35017785
0.40237047
0.36544264
0.37462394
0.33631956
0.38973748
0.35107238
0.40490633
0.36109568
0.34169346
0.32351936
0.40791792
0.39581765
0.43199245
0.41940401
0.38619234
0.39227667
0.33737964
0.35593182
0.36028748
0.34900016
0.37985366
0.351058
0.36588429
0.32119828
0.35726018
0.38065062
0.36355056
0.34233518
0.37325027
0.32431862
0.38857194
0.37630639
0.41603149
0.32989534
0.36200842
0.34493561
0.37071535
0.32259248
0.37834481
0.36172115
0.40059849
0.35830045
0.39732549
0.3492934
0.35743862
0.32886105
0.36283255
0.33274573
0.40127002
0.37955179
0.42247556
0.40015599
0.41764665
0.34940091
0.34305839
0.3310698
0.37488489
0.33403545
0.38882619
0.35450998
0.35902451
0.34407421
0.35023558
0.33887865
0.34372247
0.34004434
0.36851954
0.33636421
0.36628376
0.34483292
0.35762869
0.30531528
0.40788991
0.38352176
0.38653295
0.36979811
0.38434382
0.36277721
0.38222717
0.33619343
0.36045839
0.31379566
0.3538492
0.31807062
0.37326326
0.34158227
0.37792977
0.3707068
0.37188551
0.32784737
0.38025072
0.33556748
0.41911914
0.38115354
0.41278911
0.45925768
0.42406094
0.3908663
0.34930478
0.32682958
0.35843845
0.33894926
0.3556817
0.33351924
0.33189959
0.37561462
0.34661225
0.31763807
0.39100422
0.36263367
0.3870223
0.36925344
0.3788456
0.33037576
0.39893887
0.35826211
0.36132229
0.35414603
0.35776766
0.32346541
0.36920571
0.38191561
0.38825924
0.35966546
0.34805921
0.3180337
0.33139378
0.3053854
0.39975475
0.35791049
0.39398376
0.3449077
0.38047103
0.33341714
0.39668118
0.34896025
0.3810577
0.33887251
0.37991183
0.37516343
0.38085043
0.34885831
0.41857692
0.35532435
0.35182583
0.33102326
0.33731429
0.29260719
0.3615638
0.32386534
0.36771926
0.33694958
0.37310932
0.31429709
0.3709931
0.3415603
0.37507897
0.33295817
0.36953684
0.34495584
0.37547481
0.34236447
0.33228767
0.27959179
0.38050593
0.31133448
0.40267747
0.3462912
0.40090725
0.36286802
0.40667231
0.37420256
0.3877948
0.35360217
0.37678394
0.3239628
0.3812374
0.33609767
0.38418721
0.3635666
0.37605144
0.35560099
0.35764449
0.35625118
0.3500983
0.30458377
0.35861844
0.32340936
0.36402706
0.33438508
0.36696285
0.34809789
0.38407243
0.36179019
0.35335198
0.34472313
0.33899018
0.28068333
0.39503347
0.35863928
0.42423162
0.39057188
0.3832646
0.36164021
0.36948823
0.3270993
0.36728272
0.35562763
0.37140892
0.34112482
0.3569276
0.3134638
0.37204434
0.34731103
0.35836314
0.32793306
0.36508638
0.32655425
0.36712668
0.33351192
0.3651981
0.32301223
0.35974907
0.34481191
0.35343724
0.33612359
0.37910354
0.36587958
0.38044588
0.35315382
0.36821377
0.3342082
0.35526327
0.33096676
0.33631977
0.35413041
0.33950147
0.33496105
0.35526823
0.33092997
0.36093653
0.33000381
0.38962598
0.34235203
0.38341475
0.33857025
0.42941595
0.3957066
0.35574853
0.35250441
0.33340517
0.28865769
0.35707622
0.31842127
0.37378078
0.3164533
0.41719827
0.36005687
0.38550623
0.34415427
0.3544235
0.32270816
0.37552702
0.36603833
0.39700598
0.3645226
0.41556761
0.3619776
0.38428413
0.33104642
0.40612481
0.3606324
0.41054039
0.38322131
0.39436525
0.3620005
0.38115878
0.35906288
0.40603074
0.37526919
0.42718813
0.36398655
0.40555184
0.38828785
0.39711636
0.37005711
0.37142294
0.36803415
0.35143956
0.33872773
0.35974278
0.30208871
0.32157908
0.29629557
0.33462635
0.29374299
0.42246827
0.37039656
0.41944274
0.40257234
0.41136012
0.39889262
0.37839578
0.31037505
0.36565569
0.34078491
0.40544024
0.36239186
0.38291849
0.39748755
0.40815337
0.37651108
0.36401658
0.35990581
0.3928127
0.3491826
0.33054966
0.32952171
0.34270181
0.30674604
0.40422207
0.38293176
0.43593041
0.43377404
0.39151637
0.37227128
0.34538673
0.32439531
0.33496106
0.31160077
0.3387876
0.3483819
0.38504075
0.37503373
0.38904656
0.36252511
0.38755874
0.35031804
0.38343597
0.36581243
0.36351459
0.33647714
0.34351639
0.33008407
0.3518674
0.32964914
0.38273709
0.35448537
0.3736685
0.36458787
0.38160208
0.33789165
0.39889619
0.405909
0.37760223
0.35479139
0.37606025
0.34288959
0.36900291
0.36219684
0.39635255
0.33909757
0.34506214
0.32682812
0.35872006
0.33261095
0.38058137
0.32470259
0.42277862
0.36715973
0.37619288
0.35471111
0.39577775
0.34261192
0.39383123
0.35399352
0.39329983
0.38144375
0.40493087
0.35695728
0.39094613
0.34927796
0.38582531
0.35368031
0.40116808
0.353995
0.36702625
0.32828867
0.35072505
0.32130918
0.33471385
0.30358376
0.35518844
0.30328067
0.40632957
0.35183243
0.43898354
0.39523059
0.39539945
0.35347104
0.39283956
0.3509818
0.39625669
0.34023553
0.37931589
0.34704687
0.37238675
0.34150396
0.36251817
0.34116842
0.36799221
0.33163845
0.38393428
0.36141952
0.39627516
0.3742849
0.42877471
0.35189276
0.37295516
0.34742793
0.35762154
0.35894534
0.36167442
0.31628138
0.36730329
0.33680882
0.35586107
0.34330279
0.37840171
0.37638538
0.37619002
0.32536681
0.38914624
0.39422011
0.3864202
0.37204624
0.33369993
0.3442505
0.38498042
0.3192958
0.34575369
0.3696085
0.36173388
0.32050091
0.37482776
0.3286794
0.40268153
0.34460807
0.40678568
0.36082175
0.40219965
0.34428056
0.36702144
0.34244822
0.33986668
0.33846849
0.37993677
0.34886028
0.39037298
0.36974236
0.40243898
0.38753594
0.36513187
0.32926579
0.3660008
0.32070677
0.37162114
0.32578238
0.35982365
0.34914468
0.37993863
0.36675607
0.37376198
0.35573494
0.34466735
0.31050299
0.37219952
0.34987875
0.37423205
0.34575256
0.36316894
0.32857294
0.39292417
0.36172338
0.366006
0.33784025
0.41280885
0.37669266
0.42268092
0.38774469
0.37238151
0.36747246
0.33287937
0.33768001
0.34364106
0.31862453
0.3404038
0.29789545
0.33451128
0.31796105
0.31898773
0.30428899
0.36889513
0.30055243
0.38897175
0.33794924
0.40836981
0.3854716
0.37052053
0.39316951
0.37968418
0.36180638
0.32563067
0.331395
0.34511516
0.33106409
0.34995526
0.31609986
0.37148884
0.32714673
0.37149645
0.36164522
0.36641898
0.37911622
0.36685877
0.36079682
0.37817331
0.35947763
0.4045088
0.37693156
0.37200188
0.37256295
0.37484669
0.34696634
0.35025943
0.33889897
0.34127964
0.36599779
0.36152705
0.34780038
0.34403567
0.30941523
0.38245071
0.37339838
0.34920367
0.35676388
0.33664041
0.33421908
0.32506359
0.30866975
0.3571381
0.35031402
0.36973879
0.32558743
0.38044923
0.3374329
0.38263019
0.34680384
0.37420461
0.3727975
0.38266861
0.34928667
0.36305034
0.33524665
0.34354782
0.33094591
0.35669125
0.3194229
0.35696612
0.32548899
0.35377734
0.32611442
0.38215874
0.36045122
0.36484913
0.33667447
0.41079724
0.34841756
0.35574032
0.32579333
0.33894632
0.34477046
0.35899634
0.34822789
0.34105436
0.35269085
0.37489098
0.36306913
0.35648577
0.32168687
0.37388292
0.31625603
0.39817149
0.34998729
0.39442477
0.37302046
0.39292335
0.38664189
0.39843653
0.37480946
0.34461266
0.31250541
0.34538258
0.37097117
0.38694197
0.34246994
0.34205067
0.32340629
0.3377312
0.30720431
0.35078223
0.32671582
0.39350656
0.34635195
0.41380767
0.35622577
0.3890981
0.33608691
0.37705427
0.38732825
0.3754751
0.36876063
0.36361028
0.36436242
0.34929061
0.32860633
0.32011751
0.29009437
0.34105269
0.29257624
0.37490786
0.33739304
0.36380515
0.34752271
0.36737847
0.32682832
0.37386148
0.35201007
0.3783808
0.33868578
0.37118254
0.32533934
0.40064747
0.35780535
0.40984266
0.34812126
0.3721721
0.35150322
0.3804232
0.37354251
0.3828277
0.34978362
0.34541327
0.31490449
0.35553673
0.31820006
0.34889512
0.30540823
0.34284322
0.32789975
0.36250506
0.33344387
0.38763615
0.33985196
0.39995279
0.38274492
0.41178114
0.43058829
0.43505906
0.40022804
0.3778781
0.34180914
0.33595339
0.31249009
0.36452151
0.31784017
0.35468951
0.32575895
0.350585
0.3382058
0.37332375
0.35922504
0.37903806
0.34304897
0.42273311
0.36085934
0.39592063
0.35051646
0.39640273
0.34575271
0.39073532
0.37064825
0.38905855
0.36203977
0.3701207
0.36318573
0.37163217
0.33214201
0.36257943
0.35775974
0.36945083
0.3208212
0.36229553
0.33809874
0.41336392
0.3897597
0.38645385
0.34197014
0.37413159
0.34592971
0.35168653
0.31898456
0.38248166
0.36859672
0.37717362
0.33576518
0.38853884
0.39602166
0.41050855
0.36500148
0.40359354
0.33952482
0.38500399
0.34104966
0.36728587
0.35636849
0.38526506
0.35380101
0.37649323
0.35123804
0.35576999
0.3333599
0.35747862
0.3685248
0.37183809
0.32531759
0.39196387
0.36097717
0.35373034
0.31259198
0.37730392
0.32251707
0.3850826
0.34971676
0.38398411
0.34405022
0.37468939
0.37178769
0.39743484
0.36213675
0.40547714
0.34513669
0.37455709
0.32922812
0.35020215
0.32798759
0.37082061
0.35811533
0.38162175
0.32128887
0.35279272
0.29059013
0.38030803
0.32209421
0.39203937
0.37255073
0.39939946
0.39119682
0.37274615
0.34275106
0.34526361
0.33649852
0.335453
0.32483515
0.33030141
0.30406422
0.38230756
0.34345653
0.34562656
0.33504534
0.37428971
0.35318087
0.32842105
0.3192828
0.35910017
0.31994536
0.37795648
0.347137
0.38288344
0.37501852
0.40459386
0.35911219
0.40562692
0.35511672
0.37327949
0.34901811
0.35508474
0.35216886
0.39718944
0.35115368
0.36537722
0.33460588
0.39525134
0.33688396
0.39518561
0.33603104
0.41185295
0.38133393
0.37678243
0.31965997
0.34548895
0.32211372
0.38232861
0.36382148
0.35543456
0.33776796
0.35323655
0.32173794
0.34187509
0.32982543
0.35926509
0.33681506
0.33987544
0.31393875
0.39714422
0.35260029
0.40079295
0.36336312
0.38836493
0.38428733
0.34852463
0.3485996
0.35456065
0.36614584
0.37503718
0.33781993
0.37298314
0.37019849
0.35311384
0.33389302
0.38905442
0.359153
0.38457694
0.34786233
0.3627331
0.33609842
0.36596449
0.29563905
0.37132118
0.33978476
0.35775111
0.32231081
0.38879772
0.34386403
0.38542491
0.38209271
0.38252157
0.33556457
0.37128829
0.35213158
0.39725859
0.38213341
0.3839765
0.38826256
0.32701915
0.31259216
0.34826779
0.36053178
0.36218905
0.31382313
0.33832582
0.30735604
0.37897434
0.36104952
0.35849866
0.32530032
0.34573945
0.30583679
0.39438737
0.35396421
0.44385796
0.38933482
0.4158413
0.40465058
0.39231953
0.36388413
0.35148328
0.35055271
0.34009269
0.35781179
0.36501594
0.32837396
0.36726361
0.3503579
0.37354254
0.33391214
0.34373272
0.30712501
0.35238555
0.3330822
0.40844263
0.33660606
0.40320646
0.36555553
0.38345355
0.36433483
0.36439819
0.33176744
0.36587423
0.34249784
0.37748649
0.3027889
0.3885918
0.35981244
0.4222623
0.36812211
0.43719873
0.37892633
0.40572018
0.38980545
0.38455777
0.35567101
0.34889667
0.33071278
0.32527178
0.3138995
0.35880371
0.36484681
0.3548959
0.37290448
0.36431374
0.3586593
0.34679293
0.33031155
0.36094996
0.35387644
0.3730727
0.35785916
0.36449262
0.35752412
0.36744257
0.34812853
0.37681924
0.37041845
0.36416274
0.34112851
0.36675253
0.34291207
0.36417733
0.35747345
0.35893508
0.33912184
0.3557879
0.34647213
0.35585474
0.35120966
0.36968283
0.34166125
0.37837855
0.32480874
0.35032446
0.30653683
0.39859878
0.37086746
0.40207483
0.41695108
0.38869819
0.3643908
0.35570809
0.32357257
0.35524921
0.32458331
0.34317719
0.32798454
0.40358501
0.39101626
0.38482137
0.3913276
0.36808598
0.37171073
0.37806198
0.32351562
0.36391359
0.37973423
0.40676937
0.37730425
0.40717541
0.40666376
0.40512684
0.40170817
0.36303611
0.35748486
0.34927501
0.33901033
0.37342946
0.34540295
0.35672733
0.33094107
0.3600785
0.31747719
0.36142196
0.35242124
0.38845258
0.37723451
0.38906056
0.34553351
0.34367191
0.35997399
0.35982344
0.33827865
0.35365228
0.32562114
0.36568639
0.32548453
0.36451456
0.33573619
0.39431867
0.35194523
0.35878697
0.32751129
0.39783147
0.34111482
0.3862802
0.37535395
0.3727792
0.40003044
0.35213547
0.32716911
0.36967445
0.32960855
0.36823496
0.3459052
0.38289796
0.38191293
0.37635639
0.35010588
0.35124248
0.33063554
0.35237832
0.34233501
0.35157352
0.34883577
0.338789
0.35109917
0.33058963
0.324756
0.35053071
0.36037098
0.39277993
0.35160135
0.37476131
0.33580751
0.38678352
0.36004298
0.38285189
0.34974484
0.39599263
0.34304018
0.40033275
0.35283756
0.34988227
0.34399965
0.38183378
0.35040698
0.38611892
0.34276007
0.40351772
0.35622832
0.40317254
0.38080984
0.33676726
0.33752609
0.32704979
0.32221988
0.36299098
0.30818404
0.3517749
0.3228699
0.38280292
0.33319292
0.36423989
0.33261163
0.35840677
0.34153805
0.37769154
0.3209535
0.3614401
0.32743581
0.36415582
0.32903038
0.39923649
0.34088082
0.4032838
0.3492177
0.42541048
0.35670044
0.37212079
0.3787191
0.37885646
0.33086172
0.3952792
0.39005305
0.37800077
0.34730505
0.38420364
0.3780087
0.36709533
0.34391025
0.38522897
0.36192584
0.38421862
0.3668679
0.39091893
0.36635457
0.37750122
0.34271832
0.37809172
0.33453268
0.37542963
0.36731671
0.36959796
0.32386394
0.40572683
0.33746683
0.4146126
0.39770718
0.40644434
0.35676626
0.40571728
0.36677589
0.34835359
0.29388501
0.36695806
0.30903088
0.36663823
0.32964513
0.38458274
0.32975275
0.35574878
0.34196008
0.37046622
0.34168659
0.38979156
0.37225715
0.38956149
0.38626194
0.38098763
0.35487615
0.35651404
0.35409267
0.36067448
0.33699014
0.34566434
0.32461205
0.34607972
0.32658861
0.36411494
0.33931142
0.3685978
0.35076235
0.3843937
0.3489412
0.39134252
0.36122159
0.39606564
0.36617916
0.37047481
0.32830696
0.38636784
0.3554874
0.38089374
0.33488988
0.36621882
0.33692335
0.34629318
0.33957053
0.37905631
0.34698079
0.38838359
0.36629113
0.38573748
0.3173481
0.36157097
0.34308561
0.36630684
0.34092054
0.36263683
0.33363424
0.37563933
0.35799535
0.36150354
0.33342163
0.35819033
0.33655834
0.3976735
0.36135282
0.40542814
0.44008446
0.40562986
0.39806281
0.37657995
0.3638535
0.36702773
0.35157657
0.34627084
0.32678899
0.37294982
0.32911787
0.37874636
0.34066948
0.38439562
0.33967412
0.34534733
0.3070596
0.34541041
0.32266751
0.38439018
0.37658564
0.36030064
0.35161459
0.35881763
0.32549568
0.35627892
0.30983233
0.35538465
0.35250411
0.36308593
0.34435171
0.3806172
0.34772645
0.36452076
0.32565763
0.37650163
0.34043704
0.36949767
0.32113003
0.38384354
0.32574307
0.37588144
0.33240118
0.3890758
0.35640037
0.36776117
0.37187599
0.35482447
0.34483003
0.37191812
0.33064848
0.36893563
0.32803813
0.39419494
0.34251037
0.44607317
0.36313985
0.35419092
0.4103741
0.40125597
0.35795846
0.37069119
0.33785239
0.36241574
0.34380137
0.34128916
0.32463886
0.35321094
0.34455654
0.37314762
0.34120496
0.38947898
0.35542465
0.3571946
0.34143089
0.3630734
0.36131363
0.35573812
0.32116893
0.40906669
0.35911531
0.36647039
0.31893886
0.40939079
0.37232655
0.36049591
0.35156034
0.3869008
0.36300529
0.37955689
0.33997346
0.37825549
0.36574125
0.43278998
0.40831065
0.42863582
0.37035921
0.36434992
0.3125691
0.39325358
0.32268972
0.37733651
0.32775014
0.38707876
0.31872975
0.42820497
0.37624204
0.38946981
0.3903107
0.37945366
0.34963408
0.35432545
0.35736533
0.35021591
0.3208098
0.34823232
0.32520159
0.32818895
0.32956152
0.36164715
0.31631691
0.38208463
0.36744978
0.33745991
0.33665089
0.3844956
0.33304847
0.39245562
0.38360722
0.43319315
0.40216822
0.40284073
0.38514694
0.37570319
0.34736855
0.37798686
0.3729862
0.38287964
0.35781119
0.35851253
0.34952853
0.34616313
0.31018198
0.3267064
0.34507855
0.37108425
0.3408644
0.3821283
0.3262427
0.36465417
0.3537508
0.38286145
0.3475916
0.36583907
0.36109925
0.38701108
0.34899439
0.38133981
0.35289932
0.34925677
0.38116185
0.38696322
0.34155002
0.37343563
0.29721053
0.34754061
0.31409648
0.342556
0.31293635
0.40480224
0.34056749
0.35759139
0.36379182
0.37039181
0.3499843
0.36638933
0.35998661
0.3791282
0.33932575
0.39131887
0.33104559
0.3631546
0.37734576
0.37538017
0.34562355
0.33331582
0.36140383
0.36525199
0.34742907
0.36781364
0.32777125
0.36763504
0.32925275
0.35022788
0.33852198
0.3614509
0.35924992
0.34121776
0.35641171
0.34913841
0.30673648
0.41460044
0.35449878
0.43202746
0.39379772
0.39644075
0.35053599
0.38730927
0.35690173
0.39236261
0.36492624
0.42257878
0.38530717
0.38743517
0.36015114
0.40236536
0.3862307
0.38760031
0.37078279
0.37869091
0.32733732
0.38277756
0.36256983
0.39082609
0.36759395
0.37985843
0.32662284
0.37268558
0.34032765
0.3596034
0.33098054
0.35243624
0.34150018
0.33371052
0.31574649
0.33975906
0.3178057
0.35722526
0.33447136
0.38135125
0.36736438
0.40506104
0.34611005
0.38101531
0.40131822
0.38110667
0.3440801
0.36078088
0.34278008
0.37393373
0.34045146
0.38469715
0.37327335
0.37283431
0.36049543
0.33826938
0.3291885
0.34005775
0.35454109
0.36063726
0.32550982
0.37138651
0.34644158
0.37330316
0.33323761
0.34548251
0.32725544
0.35667081
0.31949742
0.38651414
0.3404013
0.38179119
0.35448124
0.36320177
0.33901668
0.35124972
0.33836285
0.36414291
0.34753585
0.33938918
0.32704665
0.33356862
0.29468202
0.35364203
0.3192799
0.35355307
0.33949491
0.36874415
0.35942905
0.39063237
0.37683416
0.36483084
0.38879682
0.38334928
0.36654367
0.36502287
0.33679241
0.36088436
0.32311274
0.36095298
0.31753295
0.38363453
0.34793985
0.41544099
0.37611237
0.37172528
0.32637045
0.36268878
0.37689771
0.39006846
0.34209925
0.39118641
0.35644844
0.39183534
0.40468035
0.36545368
0.36146053
0.36562265
0.3341332
0.34064767
0.3235299
0.35056688
0.32657075
0.3375611
0.32532813
0.39035206
0.33809482
0.37935098
0.33690947
0.36275681
0.32801649
0.35260105
0.3390779
0.3875191
0.36738521
0.40191983
0.36948611
0.37235955
0.35746545
0.42700654
0.41467741
0.41478319
0.35027143
0.34094526
0.32035955
0.34708274
0.34218366
0.3657312
0.34811508
0.38808162
0.35982496
0.38460032
0.32952735
0.4085575
0.35460104
0.38540527
0.35446777
0.35010741
0.34372851
0.34846487
0.32324451
0.35929506
0.32256644
0.359357
0.33239314
0.38459265
0.38295012
0.38350068
0.34606481
0.3709243
0.34517378
0.33569694
0.33266482
0.33690247
0.31967435
0.37544624
0.34589155
0.40408041
0.36270629
0.34907243
0.31564512
0.33353043
0.3178314
0.37770525
0.34493791
0.38294719
0.34719828
0.37141115
0.35651699
0.39431357
0.34947208
0.37640821
0.35683261
0.40894587
0.38834003
0.42271001
0.36912908
0.40770482
0.42696101
0.43579843
0.430572
0.39410289
0.36253235
0.35475219
0.35833078
0.35080176
0.34079108
0.38467313
0.35515037
0.38371902
0.3529064
0.36737696
0.33545667
0.34474175
0.32062662
0.35234123
0.33549918
0.3810846
0.33099871
0.36704902
0.32995646
0.40423801
0.38286507
0.40165169
0.41500325
0.3990262
0.37494068
0.31884704
0.31506029
0.35457192
0.34673389
0.37377809
0.31773468
0.40426064
0.34682839
0.40894212
0.38752538
0.39955519
0.36896976
0.39861168
0.40662338
0.35878096
0.35361044
0.36865912
0.35311114
0.34846784
0.34033104
0.34065744
0.32590556
0.35232993
0.3217289
0.37560425
0.35195138
0.34827797
0.32509246
0.35688605
0.35823822
0.36726946
0.34906568
0.36093309
0.31975893
0.35644758
0.33462079
0.3878515
0.36206421
0.39865778
0.37487293
0.39799376
0.33561671
0.35629958
0.33030865
0.36044194
0.33976688
0.37173882
0.42522875
0.37087494
0.38672595
0.36912014
0.36255136
0.3871776
0.3838228
0.37919829
0.35151398
0.35689782
0.31937365
0.33014713
0.3302348
0.36838019
0.33431489
0.38600598
0.35359257
0.3835133
0.38563447
0.38415815
0.34434862
0.39585528
0.3700767
0.38026142
0.38256953
0.39063051
0.35429842
0.35081668
0.33973362
0.3903812
0.35684154
0.37370004
0.38358549
0.36506815
0.34071614
0.39442168
0.33329864
0.36436378
0.38261783
0.34366421
0.29872284
0.37420239
0.31623736
0.3546577
0.34378203
0.37316966
0.34368669
0.36408418
0.32023311
0.36581889
0.33558935
0.39255865
0.3712497
0.35437337
0.3492753
0.33397462
0.31647823
0.32899924
0.31868791
0.36436346
0.33206625
0.35782744
0.33723882
0.34554243
0.32548318
0.36624528
0.34755249
0.37378166
0.34691861
0.38347819
0.34570317
0.39287685
0.39256192
0.35646212
0.34628215
0.36020211
0.37890434
0.36321287
0.33948551
0.38979015
0.33377481
0.37514576
0.35056213
0.37206819
0.33621305
0.38811432
0.33786139
0.40628643
0.36271154
0.44692006
0.39562231
0.42214713
0.41311678
0.38763743
0.3430221
0.37362749
0.34083632
0.37144348
0.33532708
0.35276782
0.34651718
0.35649218
0.31217562
0.34930792
0.30456763
0.35377946
0.29833727
0.39422165
0.32906884
0.3759044
0.33766645
0.39498277
0.3299126
0.3832456
0.33955869
0.38579153
0.33636043
0.34694819
0.30130272
0.38428928
0.31937757
0.4443002
0.37855296
0.43267948
0.38582533
0.3855439
0.34872642
0.37679063
0.31173403
0.38992087
0.37996173
0.39670422
0.38766009
0.36272731
0.34033905
0.33558761
0.31137747
0.38053199
0.32818237
0.37565001
0.34503275
0.3789949
0.35000384
0.3488117
0.32644717
0.37345821
0.3709485
0.37315546
0.35792022
0.36032049
0.3056292
0.34736906
0.34947899
0.36683022
0.32899374
0.37092186
0.33661675
0.34590576
0.32854696
0.36636029
0.34624164
0.38515998
0.36185642
0.38756317
0.36431862
0.35937444
0.32377519
0.37464493
0.32392677
0.37615779
0.33241257
0.39306678
0.359815
0.43605609
0.40775854
0.39362122
0.37289617
0.35460946
0.30534786
0.34935358
0.31884784
0.37174368
0.3301079
0.37430171
0.34571825
0.39024694
0.38290599
0.40455039
0.40497709
0.43381739
0.42767793
0.40511332
0.36555702
0.36807181
0.31868137
0.36902469
0.32392377
0.35736948
0.32427114
0.37261601
0.35648898
0.39985007
0.36012068
0.39538622
0.37029
0.36908913
0.32765972
0.33541361
0.29506788
0.35637404
0.31348592
0.37741256
0.37784259
0.41572093
0.36739508
0.35988043
0.33556134
0.35607161
0.32826524
0.37412357
0.32768045
0.37350585
0.33616676
0.3710459
0.34641529
0.35032037
0.33987697
0.36932021
0.33829987
0.39617273
0.34416464
0.37071814
0.34652189
0.37557398
0.33864346
0.41983376
0.35971884
0.37126524
0.34867191
0.39008478
0.34791328
0.36507376
0.32913631
0.39425452
0.35112587
0.37758137
0.35782334
0.38967711
0.37533653
0.39255223
0.38046366
0.37267069
0.33456162
0.37724995
0.34817393
0.36262303
0.37881457
0.36187695
0.36503016
0.38001225
0.34260329
0.35923715
0.32049742
0.38203982
0.36149827
0.36950086
0.3630221
0.38736227
0.35688015
0.36576709
0.34126678
0.38574728
0.39296039
0.36735191
0.36420081
0.37009472
0.33788573
0.37507824
0.35534725
0.3752447
0.33299482
0.36374752
0.37906643
0.36547005
0.31782007
0.38862728
0.343892
0.34519412
0.34628023
0.34914828
0.3488576
0.35419587
0.31707796
0.38997442
0.3533411
0.39455377
0.36495103
0.38372147
0.35287712
0.3626614
0.33646628
0.35402378
0.34567385
0.34336698
0.29628201
0.36462122
0.33611941
0.35244658
0.33592239
0.37629901
0.37161265
0.36802354
0.3390708
0.34419301
0.37217556
0.37041923
0.33183238
0.36254132
0.3354643
0.39509089
0.35681383
0.34386571
0.32216037
0.35051318
0.31728413
0.38612037
0.35767638
0.44192208
0.45226535
0.41699655
0.4386262
0.3896359
0.36713182
0.28858245
0.31199986
0.31484096
0.29456472
0.33035666
0.31444458
0.36462853
0.35741807
0.39896382
0.40737354
0.37827097
0.34677987
0.35181222
0.30777096
0.36954927
0.32978005
0.40079155
0.39209367
0.39682965
0.41642399
0.4027681
0.36726805
0.35296776
0.33237094
0.38183065
0.37534488
0.3963309
0.44251887
0.39997667
0.36594239
0.37789577
0.35231183
0.35146457
0.31792252
0.39530753
0.34886834
0.38818202
0.35103133
0.39462363
0.3560783
0.33692182
0.31923974
0.3397342
0.29868262
0.392333
0.31053855
0.39183077
0.36352597
0.38909499
0.37363837
0.39387436
0.37029759
0.39927689
0.37481969
0.37231326
0.35573194
0.36555891
0.34236056
0.35129266
0.33113884
0.33275698
0.34706335
0.34279919
0.30674116
0.3528242
0.34174457
0.36991056
0.34765765
0.36856131
0.37098922
0.36047052
0.36504017
0.37624425
0.36056753
0.35814364
0.32418342
0.3567692
0.37750133
0.34235402
0.32606077
0.35418322
0.32231643
0.38538875
0.35385209
0.40538896
0.36493134
0.4387072
0.41357148
0.40679737
0.38206648
0.34548246
0.34913153
0.38031221
0.33231653
0.36315625
0.32861085
0.38726586
0.33494127
0.38346411
0.33337192
0.38390494
0.34655191
0.35282939
0.32652266
0.37951086
0.34725066
0.34639974
0.31335008
0.39570394
0.34646223
0.40451047
0.37373934
0.41425526
0.39622805
0.40742664
0.39649589
0.35234325
0.32121092
0.3382601
0.31865851
0.38043316
0.29828706
0.41248577
0.32774933
0.35935122
0.35224369
0.38873614
0.38207133
0.35725677
0.32318621
0.33975062
0.30318034
0.31737992
0.30051989
0.37902416
0.30772878
0.41945094
0.38385984
0.44789109
0.46121475
0.40827694
0.39706969
0.39580482
0.36799617
0.37553806
0.35795264
0.3565459
0.33794379
0.36899683
0.32142878
0.35898985
0.34629722
0.35816186
0.34301616
0.34345442
0.32315901
0.37533017
0.34427817
0.39979297
0.34662578
0.39436593
0.35902547
0.38559062
0.34997732
0.34405493
0.3155831
0.35772351
0.30530047
0.33359715
0.31228076
0.37367216
0.34672555
0.4035034
0.34286942
0.38796447
0.36978858
0.39391665
0.35502704
0.37743204
0.33304483
0.36829828
0.32883652
0.37613696
0.35162576
0.39315655
0.36788859
0.37647097
0.33498907
0.33947122
0.34320578
0.34225984
0.3087983
0.36054311
0.31972303
0.38587918
0.31331362
0.38220243
0.36297292
0.39636137
0.37305634
0.4254435
0.38750459
0.38414899
0.35064059
0.3565869
0.3295742
0.35236441
0.30639205
0.34644565
0.32907096
0.36043809
0.32599952
0.39300657
0.36398923
0.35610178
0.35079085
0.36444495
0.35230391
0.40587889
0.38413653
0.42063159
0.37717138
0.34673307
0.34334945
0.34347727
0.34456985
0.35073771
0.31809483
0.37868592
0.35531522
0.39588482
0.39686327
0.39295617
0.35234146
0.37633648
0.32909251
0.34825222
0.29488936
0.37501377
0.3150829
0.35190317
0.34321243
0.3823596
0.33273329
0.35853255
0.32688426
0.40649434
0.34933576
0.38779092
0.33253264
0.39237644
0.34625431
0.39575796
0.34299385
0.41836585
0.38020911
0.37710557
0.33878992
0.37256448
0.33267329
0.3650528
0.34586089
0.38312082
0.34098008
0.35810134
0.34548526
0.37373506
0.35508601
0.37266611
0.34475621
0.35391624
0.32489439
0.38317487
0.33872961
0.37153752
0.34585154
0.36804455
0.32972315
0.36477829
0.30831364
0.38620688
0.35767599
0.38300414
0.35767912
0.35759761
0.33091176
0.36572906
0.36895116
0.40566696
0.40253539
0.39348088
0.34808801
0.36474449
0.34424648
0.3764526
0.33690217
0.37677821
0.31466732
0.37310362
0.3265686
0.37861688
0.35568005
0.34733714
0.34512611
0.34939513
0.32350917
0.34383102
0.32697007
0.35920925
0.31502703
0.3730958
0.36842809
0.38073611
0.33771447
0.37254039
0.33969981
0.3550602
0.31837167
0.33713739
0.33211563
0.36688018
0.32251609
0.38455526
0.37405379
0.37306193
0.36142309
0.34650076
0.32812779
0.33295084
0.33395658
0.33431897
0.34104282
0.34683593
0.31858088
0.31900547
0.33785376
0.32956413
0.33661521
0.38318258
0.3312077
0.38109468
0.36886193
0.4012885
0.33406457
0.37799268
0.33606118
0.34697202
0.30308578
0.38323923
0.35670557
0.37488827
0.37879806
0.36565718
0.35135528
0.40264326
0.34816801
0.38632171
0.33554253
0.38151889
0.35532057
0.35591423
0.37429556
0.3887748
0.33326086
0.39210463
0.35191568
0.37253312
0.33922907
0.39086515
0.36669688
0.37867199
0.35106957
0.36284112
0.3537991
0.33843059
0.31790836
0.34406541
0.33094897
0.38072859
0.34792276
0.41289985
0.36965796
0.38881176
0.37823813
0.38256522
0.35061288
0.34763531
0.31476937
0.35262376
0.33278937
0.36198564
0.31452241
0.39334241
0.34966203
0.37033237
0.35927269
0.36775016
0.34527131
0.37092909
0.38048214
0.34358936
0.34770583
0.34526423
0.31844791
0.39658851
0.35204428
0.38550336
0.34333292
0.32541947
0.31089808
0.34386886
0.33207077
0.37791715
0.33875425
0.39747554
0.34486193
0.34723221
0.32261552
0.40594749
0.3284812
0.36149724
0.31902725
0.38213597
0.36818188
0.38724126
0.38341499
0.37302576
0.34947991
0.34158761
0.32762247
0.33989672
0.30943947
0.34718277
0.32742725
0.3741131
0.37860205
0.34864421
0.31571694
0.34434105
0.3141681
0.35922765
0.32444047
0.38643162
0.35129642
0.39330284
0.37255992
0.35942435
0.33696816
0.38371727
0.33258947
0.37448162
0.33657572
0.35894509
0.40715019
0.39027668
0.37321015
0.37304832
0.32827044
0.35707412
0.32286544
0.33414483
0.3107306
0.35391077
0.33779457
0.38526538
0.35435318
0.38579262
0.33061084
0.3380922
0.35183899
0.35500619
0.33272776
0.36103735
0.33761775
0.35929164
0.32330524
0.3797038
0.33033858
0.3561211
0.31346138
0.36200288
0.33571603
0.38384511
0.37291162
0.40808256
0.35812112
0.33944662
0.32165705
0.34089111
0.32241425
0.34583408
0.31626374
0.35127365
0.34226985
0.35448495
0.34079886
0.37741855
0.34846829
0.36659243
0.32980709
0.38072873
0.32443739
0.34851194
0.32892218
0.3630204
0.34159234
0.39089624
0.32035317
0.34789299
0.35629409
0.39651878
0.36354459
0.36482732
0.34651355
0.32471145
0.30103767
0.38991282
0.34023691
0.37161377
0.34017688
0.36528408
0.36611166
0.36609422
0.32856029
0.37976795
0.31620838
0.37042774
0.31729277
0.36836921
0.33194284
0.39735643
0.34789483
0.36971758
0.33453107
0.36398798
0.3097794
0.44088258
0.43707069
0.43745237
0.43788226
0.38596182
0.34158644
0.33496082
0.32713025
0.38139923
0.33612287
0.37738757
0.33107452
0.36046737
0.30280862
0.34877975
0.30760824
0.34968836
0.32514566
0.39181125
0.35254334
0.35177034
0.31305265
0.34118966
0.30633317
0.35055924
0.31979771
0.39162416
0.33513282
0.37968159
0.36348203
0.35694217
0.34180963
0.34382511
0.31415226
0.37038083
0.32658091
0.35308132
0.34549307
0.37163394
0.32425739
0.3746376
0.32381538
0.38041205
0.33391563
0.40327702
0.33962066
0.38106954
0.36678076
0.40230345
0.34983551
0.40755269
0.34665426
0.37580768
0.3517358
0.37490922
0.32974792
0.35539703
0.34734432
0.36018274
0.33827464
0.34812034
0.30731658
0.39904582
0.34501048
0.38704264
0.35313986
0.3987867
0.37433137
0.37896406
0.36352877
0.38038946
0.36003655
0.3630595
0.34274133
0.35617663
0.30706296
0.33376598
0.32455449
0.36000778
0.33162028
0.37093993
0.36431887
0.38052958
0.33785454
0.37625231
0.3383138
0.35351605
0.3419358
0.37568184
0.33341511
0.38953164
0.35449003
0.36473429
0.35315422
0.36363463
0.31669449
0.40015996
0.34664745
