0.31911833
0.20383696
0.16732637
0.16879221
0.16854927
0.19381995
0.38172313
0.32957293
0.28285152
0.2862669
0.29232444
0.24385958
0.21661913
0.29128515
0.26318608
0.46466487
0.32535766
0.42286986
0.32612297
0.37474734
0.33240269
0.34974339
0.33167379
0.32759921
0.3191544
0.3375128
0.32912411
0.30636287
0.2722755
0.25492034
0.27643572
0.25403855
0.27495986
0.26197237
0.25040036
0.29403465
0.27004061
0.34126388
0.30178813
0.37631418
0.32983243
0.44951975
0.3748228
0.4366811
0.34950528
0.4170689
0.33158948
0.42062342
0.33374397
0.42634862
0.32543971
0.45651223
0.37222102
0.51200773
0.418471
0.45743517
0.3861783
0.43275025
0.35252786
0.4568344
0.32440498
0.38373226
0.36298249
0.4199761
0.42444107
0.44527941
0.46797939
0.40166588
0.38438018
0.35121342
0.28988836
0.32590434
0.28717336
0.36719739
0.30037008
0.34727148
0.31992899
0.36758214
0.3394651
0.34233896
0.32031294
0.33948866
0.29015811
0.32727826
0.29466789
0.35116275
0.34250017
0.3873597
0.34677496
0.35381571
0.34924025
0.34121651
0.30929083
0.35139444
0.34742403
0.3488966
0.32616607
0.34808132
0.3531246
0.34359636
0.32099349
0.3640637
0.37048401
0.41271593
0.40597785
0.36690354
0.34041081
0.34182992
0.33227836
0.36191067
0.32831408
0.36659787
0.34509344
0.37497205
0.33642966
0.35613251
0.31812648
0.39403966
0.36731129
0.41424075
0.39000443
0.40020758
0.35227934
0.38731861
0.33967296
0.38127543
0.35423973
0.37064737
0.37954341
0.33016997
0.32803464
0.34390165
0.31316641
0.38222783
0.36222607
0.37153908
0.38184628
0.33660622
0.31285288
0.3544408
0.3210784
0.38635238
0.33406892
0.40375098
0.37775593
0.42648698
0.35247541
0.34230644
0.34260481
0.33848312
0.30709914
0.39448927
0.3367354
0.39245318
0.36627942
0.36348634
0.3796951
0.3809991
0.34926603
0.35177453
0.34334687
0.3990695
0.35583649
0.40929662
0.35403556
0.40856913
0.40070593
0.42746429
0.38754882
0.42476449
0.37438789
0.39745678
0.36697462
0.34370672
0.32818343
0.34861669
0.34634916
0.34114106
0.31538662
0.355409
0.32950835
0.35288123
0.32310141
0.36501577
0.34810054
0.38665553
0.36044583
0.38361421
0.38695046
0.38065184
0.35479508
0.37617211
0.32697319
0.34944339
0.33784925
0.37650294
0.32795285
0.39147813
0.34852595
0.38967752
0.36245759
0.35911754
0.33973995
0.36842393
0.35151548
0.38065932
0.35932595
0.37651661
0.34850639
0.38418345
0.36320248
0.39665096
0.35715166
0.36086194
0.34856829
0.33975197
0.34200703
0.32235205
0.315611
0.34396252
0.32209501
0.37485375
0.35472787
0.38199938
0.35145876
0.39530445
0.33160988
0.33996596
0.31893546
0.36673411
0.31749996
0.41668414
0.38371954
0.38303364
0.35751364
0.3513548
0.32825489
0.37859337
0.34179966
0.38062211
0.33516412
0.37252312
0.32095638
0.36446579
0.33104841
0.39233402
0.35565921
0.3851641
0.34149311
0.36087395
0.32248603
0.39181589
0.35631105
0.40567451
0.40184975
0.39603276
0.34166374
0.41893956
0.38618749
0.39878995
0.40513937
0.38786012
0.38124325
0.35608797
0.3596132
0.37132221
0.34989402
0.40144588
0.36807351
0.369609
0.34284111
0.34462227
0.34727518
0.35431631
0.31164798
0.37644968
0.33758575
0.43119839
0.41777131
0.42366451
0.41072188
0.37604977
0.40272064
0.35069664
0.31271217
0.39437332
0.35626658
0.43656302
0.42107828
0.40695152
0.43143164
0.40240238
0.38560029
0.38280498
0.34762353
0.35185151
0.34481734
0.38248106
0.39204569
0.39118319
0.34107656
0.38032397
0.35143889
0.36671517
0.36346568
0.37548102
0.34891219
0.40772363
0.36364992
0.38075231
0.3729292
0.37545226
0.3172081
0.36121219
0.31997894
0.36426472
0.35715232
0.33858759
0.32429291
0.38672146
0.35034292
0.35544342
0.33786732
0.37928988
0.36916523
0.44207024
0.43292523
0.43504687
0.41619244
0.41756116
0.3521317
0.37471271
0.32479867
0.38287519
0.33012375
0.41320349
0.34782331
0.391195
0.35730531
0.35333367
0.33148111
0.37554298
0.36332231
0.37303357
0.37417867
0.38872729
0.35972231
0.41648877
0.37944485
0.37686004
0.33575653
0.35959274
0.33570111
0.37726642
0.33479391
0.41618366
0.35975585
0.40891526
0.39308548
0.38710435
0.33018347
0.37200317
0.32694776
0.38662151
0.3613532
0.38392778
0.33818138
0.36501912
0.32698146
0.40695109
0.34796152
0.40163061
0.34998586
0.47468223
0.39674718
0.43711629
0.38400393
0.46097038
0.40085466
0.3904029
0.35335535
0.36320258
0.34425849
0.35154581
0.33135464
0.37888227
0.33285065
0.38185823
0.37648388
0.38997889
0.33223774
0.37011118
0.37435788
0.35723564
0.31878043
0.3629569
0.34201969
0.36654092
0.34863533
0.3490782
0.31965747
0.33272769
0.33877094
0.34713479
0.31541352
0.37380906
0.32343656
0.3704465
0.38297982
0.36622022
0.35071006
0.34137616
0.33341742
0.36202115
0.33097881
0.36955534
0.35355354
0.34361715
0.32674769
0.32874454
0.31183042
0.3906491
0.37613231
0.41359927
0.39402043
0.41762133
0.37153957
0.36485835
0.3314331
0.353431
0.31092001
0.35673486
0.31473085
0.3569406
0.32959307
0.36724599
0.34022535
0.35441452
0.35451714
0.37009438
0.34247761
0.3675358
0.35350641
0.37112808
0.36048906
0.34976274
0.30574258
0.35755151
0.31711852
0.40038501
0.38137574
0.37706327
0.35185751
0.38246275
0.35619025
0.39096307
0.34906996
0.37818126
0.38394191
0.40217443
0.34438679
0.3730231
0.40411557
0.38220304
0.33180562
0.37035924
0.3451038
0.38193295
0.34571105
0.397665
0.33385454
0.38896855
0.36694509
0.42063657
0.40258662
0.45907138
0.41975603
0.42722037
0.36401493
0.41842145
0.34948206
0.36360655
0.3270222
0.35481214
0.34195345
0.38898788
0.35759076
0.394876
0.36273626
0.36902228
0.35998845
0.33836404
0.32401844
0.35369753
0.3256789
0.33988901
0.31367626
0.33343245
0.28400217
0.34408707
0.31362282
0.41382859
0.38085793
0.41921643
0.38243153
0.38582707
0.33818991
0.38700811
0.35110727
0.34844621
0.32504203
0.3669043
0.35094833
0.36262104
0.34988368
0.35949668
0.31437916
0.36657407
0.32418837
0.40773965
0.35145682
0.38520857
0.34972196
0.38645338
0.34650197
0.36983854
0.36112046
0.38883725
0.34530123
0.36295149
0.33779404
0.3864505
0.36846884
0.36425235
0.34757616
0.37417798
0.36990138
0.37407346
0.33333954
0.34187262
0.39072013
0.3592384
0.33157929
0.36943426
0.4071947
0.40184816
0.46188228
0.34969089
0.3365451
0.34761986
0.34737775
0.36557901
0.31975821
0.35070995
0.34585612
0.32947019
0.33755852
0.33940437
0.32562394
0.3483133
0.31775171
0.36419478
0.33371258
0.36537681
0.31749576
0.34883484
0.37437239
0.37363553
0.33119899
0.36176935
0.33398399
0.36238135
0.31876608
0.41240329
0.35736483
0.38480354
0.33290611
0.3310584
0.29260473
0.35625192
0.29744116
0.37929222
0.33804983
0.34092047
0.34924682
0.36567401
0.36096647
0.34703254
0.32664736
0.33585485
0.3191847
0.39072744
0.33794105
0.37537561
0.36151128
0.360245
0.36154256
0.3733099
0.33965657
0.38761814
0.35339298
0.36696994
0.35472564
0.38436553
0.34030884
0.35707955
0.33334936
0.3400331
0.33950283
0.36236201
0.36530174
0.34577272
0.33586838
0.33457639
0.31977449
0.33983361
0.32306585
0.37791973
0.32636081
0.36625725
0.38300032
0.44205953
0.37707191
0.40612695
0.36680635
0.35389515
0.36668662
0.35385503
0.34120694
0.38044575
0.35213389
0.37238859
0.3405178
0.40144299
0.41966362
0.42907393
0.37765649
0.370457
0.33905557
0.36868153
0.30341604
0.40148116
0.35200052
0.42118629
0.3837693
0.40047057
0.36478728
0.35628854
0.32093116
0.37735014
0.32008956
0.44117828
0.36954435
0.43751044
0.45346605
0.41488362
0.42921591
0.37205723
0.36308781
0.36938835
0.34247724
0.37054725
0.34802252
0.35512338
0.33506234
0.39320685
0.3417891
0.41842661
0.40758923
0.3923414
0.42284988
0.41441141
0.37468822
0.38757385
0.40005388
0.38971355
0.35107661
0.33883475
0.3343596
0.34560841
0.30486443
0.35595025
0.33897175
0.37090571
0.35501943
0.37223798
0.3090359
0.40626068
0.33634889
0.37498591
0.34400035
0.41862428
0.35416864
0.3815335
0.35198324
0.36338056
0.33200475
0.3773321
0.33398729
0.39972172
0.38636726
0.40974263
0.38542808
0.38753293
0.36835962
0.36849877
0.36911189
0.385246
0.36004845
0.3561907
0.30518643
0.35604617
0.32565031
0.35944301
0.32801853
0.37289116
0.33688356
0.36126871
0.35754255
0.36818718
0.3618553
0.37546981
0.33984083
0.34765041
0.35082442
0.38390438
0.31495069
0.36386779
0.35675731
0.38792594
0.35531109
0.36100835
0.36171431
0.35144235
0.30791848
0.41526051
0.36231191
0.43663636
0.39777606
0.38502951
0.35016208
0.38901037
0.33269441
0.36964556
0.34870105
0.3637015
0.35810776
0.34130696
0.3470617
0.3484745
0.31741404
0.35199923
0.33100401
0.36127631
0.37170401
0.37847599
0.38744671
0.34762203
0.31982388
0.36407555
0.34880429
0.35733977
0.29940339
0.39682741
0.34324112
0.37727848
0.35328655
0.38637272
0.35610204
0.3819255
0.35069889
0.39168551
0.332779
0.38300403
0.37070246
0.38647825
0.3298331
0.38768149
0.33931843
0.38822273
0.35155654
0.37152309
0.33650037
0.39081651
0.33827912
0.41166387
0.39974366
0.36976967
0.37649142
0.34862191
0.33381047
0.35968643
0.3351253
0.36048542
0.33539835
0.3863907
0.33817012
0.37889363
0.35452264
0.39477694
0.34618609
0.33859868
0.32341113
0.36073037
0.31741845
0.34565101
0.31039387
0.35339054
0.31527757
0.38624791
0.38286643
0.3815879
0.3389847
0.35204956
0.3335145
0.39260947
0.33153836
0.379414
0.36200021
0.42925297
0.40937103
0.40349623
0.36236548
0.35960902
0.33817451
0.35371371
0.30248655
0.33798303
0.34119503
0.35028887
0.35115168
0.38441319
0.40032483
0.36411867
0.33933662
0.34309134
0.34243939
0.37173755
0.34910183
0.34086729
0.32413263
0.3557254
0.33114566
0.37203897
0.31481174
0.38732134
0.35929722
0.36209492
0.36571348
0.35786462
0.33130702
0.34109696
0.34340158
0.36376141
0.33316652
0.34321959
0.33167544
0.32865586
0.36299071
0.40305892
0.37708733
0.372707
0.36353844
0.37166066
0.34024761
0.33930217
0.33291134
0.36384744
0.32483782
0.3568766
0.3148115
0.39207818
0.34522764
0.38955613
0.3404281
0.35086532
0.3750608
0.36435764
0.32409101
0.35453263
0.33440201
0.38217568
0.34369925
0.3527719
0.31701701
0.37194875
0.33318866
0.37721181
0.32953727
0.3780455
0.34573522
0.37251605
0.3601646
0.38079514
0.35033211
0.36227841
0.32055415
0.37393304
0.35599014
0.3687494
0.35978517
0.36273378
0.3830842
0.37243242
0.32951431
0.34784295
0.36148319
0.37426217
0.36786264
0.36738079
0.35347869
0.3474908
0.31420808
0.3827387
0.33928849
0.3891133
0.35972658
0.36508346
0.3302866
0.35061525
0.30883748
0.3933488
0.33505721
0.43402909
0.38713751
0.40091122
0.35186158
0.34189208
0.31788666
0.32043165
0.36965871
0.36990241
0.32310084
0.35763634
0.31333462
0.34496296
0.29636078
0.37088041
0.335542
0.40042031
0.3541126
0.38396497
0.37794807
0.38062321
0.35167752
0.36733247
0.35154169
0.36675449
0.32218291
0.37174616
0.34716071
0.35356449
0.32547812
0.39027172
0.35314134
0.33383529
0.31475035
0.3529643
0.31144279
0.33504872
0.31610614
0.34051088
0.34539682
0.35058246
0.32169529
0.33624235
0.33982542
0.37627252
0.35701605
0.35333326
0.32993555
0.34883621
0.33663992
0.35772341
0.32686241
0.39181474
0.35735229
0.38211774
0.38721177
0.34711462
0.35401296
0.33087638
0.31851434
0.36555538
0.31675043
0.34977641
0.31879967
0.38700141
0.35583768
0.33709871
0.31828595
0.36727225
0.30738512
0.39685357
0.40126885
0.40608831
0.35375196
0.39477902
0.37945961
0.39312156
0.4058274
0.40671621
0.36934375
0.35817957
0.34149596
0.36616999
0.36608591
0.35495527
0.34887338
0.36466374
0.34119832
0.37962977
0.35542239
0.36963383
0.34462635
0.37445995
0.36098951
0.37952397
0.37879766
0.37778891
0.31477376
0.38128879
0.32730113
0.36433962
0.3433199
0.3577483
0.33303923
0.36626389
0.36286653
0.37106313
0.3731273
0.35239683
0.37157252
0.36542283
0.34774804
0.35449769
0.36718552
0.37679818
0.3374558
0.35461665
0.35668461
0.37092523
0.35263214
0.35340439
0.36298913
0.35404432
0.2999566
0.40734417
0.36807588
0.43219527
0.38676914
0.39460018
0.3716728
0.36576111
0.36603293
0.38862872
0.38031803
0.35850832
0.32918993
0.35628597
0.33988157
0.37266593
0.32431482
0.39315994
0.3439227
0.38319215
0.35755082
0.37779245
0.32782253
0.39461865
0.33946727
0.40197166
0.33797746
0.43589105
0.38986611
0.40299446
0.37677594
0.39065416
0.34738042
0.36875711
0.36136768
0.3935209
0.3707903
0.37278171
0.33127665
0.36132133
0.30555707
0.3478305
0.34538157
0.36984365
0.33838907
0.40662459
0.3906899
0.38174061
0.38247717
0.37731276
0.38184516
0.35882783
0.34175535
0.35682999
0.32578801
0.35661111
0.33970446
0.3471138
0.33945134
0.33878366
0.32073432
0.33912723
0.31878696
0.36336765
0.32704093
0.37257269
0.33880297
0.37033634
0.32371415
0.38882629
0.33852712
0.36307247
0.36564842
0.37238079
0.38393596
0.36249729
0.31973452
0.32909159
0.34633992
0.34867395
0.32570044
0.41110132
0.38580304
0.43513852
0.36504672
0.33764603
0.35546755
0.32897149
0.33831023
0.32318084
0.30327765
0.37579242
0.3607463
0.40930962
0.35237189
0.39070742
0.39572918
0.38426715
0.33758437
0.33770291
0.31459923
0.34053179
0.33109352
0.37827087
0.38943159
0.38325817
0.31990686
0.38932517
0.33010713
0.37522056
0.35450369
0.35123767
0.34925342
0.34377104
0.30972841
0.33417718
0.30337875
0.33236136
0.37083628
0.36497807
0.33785117
0.3628862
0.34152734
0.35101784
0.32991426
0.35041915
0.33127675
0.37257823
0.37076207
0.38614127
0.37062826
0.36074858
0.33505642
0.35624324
0.32718312
0.3615834
0.33074929
0.37743752
0.35786217
0.35780588
0.32565291
0.34186977
0.29997854
0.33862663
0.31994934
0.38469214
0.35991473
0.38781623
0.38885796
0.41253704
0.35119451
0.37850962
0.36221907
0.36812384
0.3460543
0.34300879
0.31266869
0.34079613
0.36912751
0.37565873
0.35677477
0.35602376
0.32531959
0.36315786
0.33669453
0.36933947
0.35342041
0.36512264
0.33036322
0.33143663
0.32307189
0.35698414
0.33686531
0.36185385
0.34255758
0.37581426
0.36425348
0.35790178
0.32091914
0.34781473
0.33073335
0.37863522
0.32966117
0.35199135
0.36440565
0.3721476
0.37249668
0.36160897
0.40586748
0.38094541
0.34711712
0.36838734
0.33348747
0.3568473
0.32341781
0.37064229
0.33848027
0.37957183
0.31531859
0.32877588
0.32398437
0.35470307
0.30431359
0.3413208
0.2929675
0.41076944
0.34692138
0.39174135
0.38949782
0.39501986
0.37446508
0.34082302
0.33546556
0.37100595
0.33831244
0.3725977
0.34854961
0.34926462
0.33670059
0.3649996
0.34095562
0.38267824
0.32579212
0.39008434
0.35556058
0.36793247
0.33869175
0.35877505
0.33957903
0.35964708
0.34865683
0.40172644
0.3646046
0.34954939
0.31581336
0.33156735
0.31041033
0.35148774
0.34142553
0.36927955
0.37000303
0.35676475
0.37993391
0.34673149
0.32585188
0.31737194
0.29019756
0.33028822
0.30570372
0.39117787
0.34338414
0.36551535
0.34548994
0.39621908
0.37799129
0.39556415
0.37432966
0.39490091
0.33818387
0.37407665
0.39456831
0.40236416
0.3936102
0.3781343
0.36152683
0.36474429
0.33882739
0.39053341
0.37528339
0.35571703
0.32667274
0.36448723
0.33432371
0.3396297
0.3314761
0.35523117
0.33955665
0.36160288
0.3273243
0.40081209
0.39594043
0.40501214
0.36319087
0.38742429
0.34268204
0.37618457
0.33836351
0.35711439
0.3350365
0.38619204
0.34087874
0.4244862
0.37783125
0.39917687
0.36546799
0.353563
0.30477647
0.34170495
0.29546639
0.3764378
0.33811447
0.39507972
0.36476776
0.38908163
0.34490484
0.37811656
0.32373527
0.4059108
0.3704861
0.38955418
0.36872138
0.36136084
0.31807212
0.34785459
0.33957852
0.37649677
0.34666049
0.40083047
0.35070425
0.37551065
0.31294412
0.37240957
0.33991291
0.35015347
0.36257294
0.34245389
0.33696535
0.34676212
0.33912378
0.35812485
0.32644716
0.34954945
0.33842612
0.33825293
0.304262
0.35369117
0.31827025
0.36496511
0.32199943
0.36970877
0.36997963
0.38289171
0.35380342
0.3854415
0.35392166
0.38938857
0.32642334
0.36915941
0.38152991
0.38297801
0.34936636
0.36626866
0.33134475
0.37536154
0.37416761
0.3902638
0.343762
0.36060595
0.34476804
0.39330983
0.34593423
0.38273146
0.38082842
0.36644145
0.34639854
0.36559418
0.38459186
0.35264535
0.37751487
0.375572
0.34373443
0.38855946
0.3813387
0.35744707
0.329757
0.3445192
0.32396366
0.35679384
0.3362181
0.38172316
0.34425422
0.35084598
0.31399848
0.34877449
0.37814183
0.3744541
0.34549275
0.34402065
0.33340427
0.35744985
0.3457827
0.35291399
0.33620239
0.37085884
0.34664101
0.40592365
0.36386746
0.43646079
0.38391289
0.38121897
0.33239493
0.36917658
0.32912842
0.36781536
0.32201536
0.4140019
0.37974562
0.39485549
0.3817794
0.45326546
0.38033687
0.3664704
0.35251577
0.38922717
0.36502927
0.35369315
0.35826118
0.35007757
0.32130101
0.33373116
0.32995466
0.39419851
0.32896647
0.36985432
0.35607424
0.34781343
0.31867619
0.3830286
0.3508888
0.35038922
0.32072352
0.36965802
0.34048499
0.36939928
0.36487644
0.34038006
0.31476827
0.34880329
0.32763058
0.35447121
0.36065536
0.34498968
0.29828248
0.38306523
0.34266517
0.41109242
0.37586333
0.38126125
0.35850868
0.36269349
0.33169033
0.38812536
0.35448651
0.40441612
0.35266435
0.39984939
0.3458024
0.37781492
0.33251062
0.41577708
0.35363055
0.34594253
0.341976
0.36730768
0.3201268
0.3817629
0.33863156
0.39334409
0.39297028
0.35952241
0.33595627
0.34321221
0.32931011
0.33779312
0.31501071
0.3596578
0.35669468
0.38198782
0.37340837
0.39425498
0.39393611
0.38050496
0.37604935
0.38005855
0.37120651
0.39680818
0.38392752
0.37399543
0.3290885
0.37188031
0.34456996
0.33880036
0.30469126
0.36123263
0.35270186
0.38064527
0.33834979
0.36886077
0.3245073
0.32752051
0.3855741
0.37631118
0.33017208
0.38721091
0.32368883
0.36463745
0.32081357
0.40312284
0.3555212
0.41020417
0.35433645
0.37452139
0.35826146
0.37102516
0.36984718
0.39536542
0.35658951
0.35180476
0.34073953
0.35328662
0.35009916
0.36663555
0.32884612
0.3584056
0.33039707
0.35217963
0.32175709
0.35608583
0.32316714
0.36186636
0.34791679
0.42091249
0.37663826
0.40781157
0.37418229
0.39526404
0.38509321
0.35559486
0.35549308
0.36305047
0.34420108
0.35974593
0.3585991
0.38645097
0.35646862
0.38250094
0.34317086
0.36655142
0.33269677
0.37233782
0.33786428
0.40342753
0.3901257
0.38857212
0.37465303
0.37122329
0.35331973
0.35798588
0.32302875
0.34192714
0.36318481
0.33957508
0.38256097
0.36743311
0.37597962
0.3687275
0.34153526
0.35022639
0.29989337
0.38080808
0.34312271
0.35142548
0.31047041
0.33575484
0.29649423
0.41334289
0.39502603
0.36296892
0.37693282
0.38239185
0.34860939
0.38715352
0.34165216
0.42723287
0.39759763
0.39010946
0.36760667
0.3570794
0.32345143
0.36284264
0.33136549
0.37718371
0.34662689
0.35249037
0.32140967
0.33909634
0.33343859
0.36024954
0.37505959
0.37368874
0.32202379
0.34518464
0.29805459
0.34420163
0.33175378
0.41491982
0.3540955
0.41577684
0.38695855
0.43671755
0.40622449
0.409788
0.36634453
0.44943783
0.37199865
0.39592489
0.40085593
0.35234329
0.33284102
0.36141289
0.33261782
0.363675
0.33166381
0.36255604
0.33085807
0.36539271
0.36888815
0.367325
0.36082463
0.36461774
0.34368097
0.3492678
0.34599463
0.36238274
0.35913299
0.37302325
0.35027087
0.36487194
0.31836102
0.38002669
0.32730386
0.3937564
0.38052593
0.37757302
0.36902203
0.3446014
0.32947065
0.34634972
0.31563324
0.37460457
0.32192807
0.35958924
0.32711258
0.37366475
0.34005151
0.38252899
0.34272517
0.36959885
0.33083395
0.3618741
0.3362213
0.36219094
0.32539142
0.38498519
0.37370776
0.37131589
0.39369861
0.36914088
0.36447197
0.35764511
0.33529177
0.35119433
0.3558531
0.35436139
0.37370749
0.36498782
0.36716981
0.36301684
0.33668437
0.34042099
0.32559012
0.34344229
0.33254408
0.35108525
0.36359477
0.34463936
0.3136013
0.3526283
0.35103248
0.3684882
0.33622906
0.36689751
0.33047826
0.38124787
0.34908296
0.3480257
0.32515296
0.34139228
0.31500874
0.41268219
0.38201104
0.40469161
0.36407616
0.41119471
0.39675799
0.38811546
0.3618326
0.37174953
0.35812927
0.39749814
0.39224504
0.37441127
0.35736344
0.37516527
0.32915454
0.38319257
0.35925077
0.37377601
0.34634685
0.38682294
0.33953806
0.39707028
0.38065479
0.40741232
0.35910096
0.35787732
0.31760729
0.3599444
0.33334115
0.35023293
0.32523033
0.38917001
0.36613008
0.39606372
0.37539235
0.36210735
0.33841365
0.36082407
0.33142535
0.3506439
0.3114552
0.38559722
0.32464039
0.35637097
0.34882952
0.36577072
0.35550414
0.37171965
0.37888088
0.37431785
0.35883717
0.36578305
0.33327786
0.39382446
0.3549061
0.4112847
0.37835728
0.37384335
0.35710339
0.37374472
0.35495163
0.36355973
0.35564388
0.36962063
0.28948322
0.3864616
0.34099451
0.40661689
0.35194692
0.40380767
0.35203074
0.39206536
0.34838086
0.40782349
0.35395671
0.40044827
0.36217914
0.36592799
0.33328234
0.37701598
0.35085311
0.34906285
0.3217417
0.34152765
0.31411482
0.37607032
0.33428811
0.39195326
0.3612921
0.38908487
0.34912341
0.35365381
0.33513462
0.35466418
0.31100503
0.4112038
0.3351605
0.37360457
0.37352904
0.38151095
0.35391526
0.36797229
0.36229237
0.40738055
0.39379543
0.34442625
0.31544477
0.36431108
0.35698502
0.36122534
0.3394927
0.38898871
0.36166721
0.41020817
0.35666947
0.34040983
0.3281641
0.37139328
0.3564606
0.40816426
0.39128467
0.41918863
0.38936234
0.40696519
0.34465746
0.34451322
0.37358707
0.36666073
0.36252993
0.34170176
0.35022827
0.35384283
0.3231653
0.37785313
0.3232717
0.38334681
0.35790958
0.36350202
0.35254514
0.37029679
0.36206509
0.37855482
0.3759426
0.37660651
0.35217295
0.36223788
0.35802114
0.36834818
0.34796951
0.39011499
0.31826582
0.39449597
0.37258092
0.40518109
0.35657554
0.34921379
0.35047404
0.3832157
0.32571948
0.39396055
0.37389139
0.39085738
0.37470779
0.40487841
0.39180911
0.41947041
0.38701609
0.38479024
0.35323802
0.37951169
0.33012629
0.34045427
0.30937457
0.37026302
0.3413239
0.34313767
0.33774078
0.35875132
0.31311425
0.3445019
0.3252833
0.36431383
0.35434834
0.43153724
0.39084142
0.40107512
0.37241416
0.35531258
0.32836707
0.39105679
0.33758141
0.41226782
0.36751508
0.40255019
0.35165231
0.40472527
0.36213648
0.41657878
0.38083146
0.42246312
0.38857507
0.370867
0.34267119
0.36047079
0.36090837
0.37029818
0.30716165
0.41200335
0.35183099
0.42894517
0.35826755
0.41738806
0.40960272
0.42096661
0.37865637
0.39013065
0.34852011
0.35485107
0.34158768
0.36652493
0.32613392
0.3581921
0.31984517
0.33517565
0.29086119
0.35757438
0.33936389
0.37751964
0.352403
0.43305879
0.38423753
0.38209761
0.37613701
0.3859667
0.36090403
0.39894896
0.39337375
0.38702364
0.34066571
0.35585298
0.31992408
0.38507602
0.36193129
0.35486165
0.32665823
0.39296052
0.34967687
0.39582498
0.36031886
0.37759926
0.33313937
0.35428725
0.33802361
0.3588621
0.34282254
0.35269811
0.33072855
0.32247755
0.30736021
0.38245258
0.34353075
0.3872458
0.35696317
0.39276857
0.35761412
0.33334801
0.34675293
0.37742587
0.34055556
0.3901695
0.32821132
0.38620673
0.359037
0.3893567
0.35283183
0.37346171
0.33731252
0.40284811
0.36417947
0.38204657
0.34803265
0.34262698
0.31652002
0.36904996
0.33477968
0.35381446
0.34063561
0.39071969
0.33738116
0.39350468
0.36311628
0.38410994
0.35479349
0.35623489
0.32724815
0.35865179
0.31884582
0.37743826
0.34653969
0.4087588
0.35730342
0.42290077
0.36310911
0.4148247
0.35104049
0.40121001
0.36001314
0.39560105
0.348717
0.37244079
0.34512604
0.3707589
0.33153162
0.41419917
0.38585708
0.41017286
0.40733635
0.41036029
0.36810001
0.4118067
0.35984779
0.38011221
0.32979922
0.35079671
0.36279544
0.34636139
0.32343389
0.38358753
0.34245856
0.42602788
0.36365754
0.38053526
0.35063834
0.37068677
0.32095957
0.38152053
0.33246594
0.37163448
0.3079534
0.35655276
0.3561878
0.36827432
0.32364726
0.35069786
0.30514577
0.33582228
0.31002167
0.35329326
0.33668077
0.38952293
0.35375536
0.40358283
0.34553266
0.36621988
0.32778584
0.35495337
0.32927244
0.34726411
0.32728158
0.36879511
0.34213252
0.37855041
0.38364831
0.39118074
0.3734676
0.37632383
0.35272251
0.3908262
0.38391598
0.40112511
0.37762864
0.37234713
0.32011219
0.36136394
0.33730751
0.35541988
0.32534532
0.37179956
0.38922182
0.37660978
0.37426476
0.37329878
0.36732655
0.37310966
0.33755626
0.37367983
0.36108305
0.37361654
0.34862131
0.36773544
0.3057866
0.36581419
0.32211194
0.35240043
0.33115432
0.33058899
0.33345245
0.35449052
0.41300957
0.36391698
0.38158124
0.36014985
0.32673145
0.34612768
0.34141125
0.35234568
0.34025956
0.38454063
0.35320737
0.35329465
0.38091213
0.35895393
0.35620431
0.3582848
0.33715614
0.3297774
0.33191561
0.3378204
0.31185735
0.36324604
0.34780338
0.36784561
0.34057278
0.36217029
0.35394609
0.33374506
0.33657494
0.34730362
0.32108833
0.36800387
0.33125438
0.37079177
0.35635279
0.36853894
0.36194593
0.36729376
0.33919093
0.3673691
0.34732424
0.34937514
0.32110084
0.35400666
0.35838179
0.3787172
0.35345286
0.41611063
0.39430973
0.44835162
0.38330535
0.39321702
0.38265865
0.35543002
0.37384296
0.3653475
0.32652058
0.34107614
0.33258617
0.35983505
0.33816662
0.35023998
0.33879302
0.41738053
0.38788311
0.41066036
0.35444872
0.42857489
0.41070767
0.39893722
0.36679357
0.3482234
0.34400403
0.36465733
0.34851535
0.34959572
0.34681725
0.36343591
0.33690557
0.36926413
0.32151737
0.36295054
0.36794398
0.38415326
0.36704012
0.42745798
0.38305842
0.38470984
0.34607925
0.42618487
0.36748049
0.39525598
0.39475033
0.35959916
0.3233774
0.32730481
0.31605863
0.34905641
0.31850476
0.35839596
0.35751964
0.34994524
0.33639814
0.38328589
0.33491444
0.3573154
0.35323555
0.33503915
0.30061254
0.33088686
0.3006714
0.33846695
0.29609259
0.39555251
0.34491144
0.37077781
0.3422517
0.4017092
0.34240898
0.39341767
0.32693947
0.41134903
0.33568165
0.43675611
0.36168152
0.41947821
0.38819232
0.35988252
0.31649363
0.32492266
0.31129383
0.37485442
0.33751241
0.37381062
0.3351805
0.37010134
0.32696707
0.37510853
0.38280581
0.35609849
0.30197474
0.37108403
0.3394314
0.39831135
0.38330513
0.39074157
0.34618302
0.40777542
0.32673632
0.40305126
0.37702107
0.4000121
0.3595151
0.40294566
0.3459482
0.35819294
0.34952976
0.35984822
0.3537125
0.36599292
0.31522521
0.35915416
0.33345503
0.36900411
0.38436052
0.38008189
0.33777916
0.37024883
0.34169261
0.34619616
0.32805138
0.34688397
0.31952222
0.39013339
0.34749425
0.38413531
0.34940727
0.35956281
0.34633697
0.35600859
0.3440475
0.38774086
0.32852356
0.3808498
0.37290168
0.39233328
0.39617725
0.37384291
0.35125138
0.35137123
0.33201049
0.36938402
0.35040741
0.3804112
0.31577598
0.36723415
0.3418623
0.41842064
0.31811267
0.38040772
0.33646876
0.39254226
0.34848105
0.39913841
0.37547834
0.3864204
0.33896343
0.38918469
0.34558081
0.38797825
0.33831314
0.3915228
0.37420723
0.38003859
0.32838725
0.33411387
0.3029172
0.40242355
0.3442162
0.36454618
0.34913493
0.37788622
0.33582014
0.4362735
0.39300369
0.41992814
0.3934533
0.40405269
0.37412682
0.39771412
0.32820288
0.37175509
0.34074379
0.36741584
0.33765297
0.38229043
0.35545542
0.36303158
0.32735022
0.38715775
0.37722597
0.35721891
0.33794069
0.35587521
0.33726305
0.37582185
0.33721016
0.42224841
0.35128255
0.36827022
0.36343309
0.37599256
0.33389579
0.3790432
0.3198518
0.39773056
0.34771645
0.39081639
0.33988104
0.38723118
0.36468984
0.4059867
0.39188122
0.36224543
0.35826598
0.36369478
0.32317558
0.37863316
0.36835573
0.42762325
0.40444175
0.39646218
0.36211031
0.36052613
0.32224334
0.35316587
0.32877432
0.34591678
0.31127343
0.40017554
0.34398852
0.40392756
0.34588757
0.37788241
0.34182784
0.34803386
0.34676884
0.36415276
0.32905729
0.40265958
0.35528642
0.41872226
0.35341803
0.36325891
0.33797433
0.36191703
0.35725776
0.36977746
0.33731392
0.3539495
0.34044279
0.38339337
0.37370802
0.36609738
0.35602095
0.38990246
0.36703649
0.37126425
0.37904489
0.40169878
0.39420273
0.39809339
0.37034262
0.37468772
0.35101592
0.33548475
0.30504703
0.33887935
0.31622806
0.33209562
0.32603979
0.35106422
0.38912251
0.38684317
0.35477688
0.36708489
0.3442584
0.41026925
0.37087174
0.37431208
0.34278408
0.34420057
0.34564476
0.36911899
0.33972767
0.37596212
0.34387396
0.38252844
0.36352646
0.37457822
0.3764646
0.37247643
0.32568125
0.35561525
0.30529595
0.39989855
0.34432224
0.37540446
0.35934577
0.36947057
0.35386254
0.3844636
0.3668452
0.38924094
0.35897879
0.41434107
0.3566206
0.35388693
0.35025029
0.36433415
0.3635327
0.36676544
0.35767926
0.37906918
0.35616553
0.34338274
0.32819392
0.3592721
0.32955658
0.36606308
0.34236525
0.38788127
0.3465498
0.40921473
0.41300559
0.39225874
0.3904291
0.35050131
0.30835583
0.35122122
0.34936575
0.38261335
0.34248817
0.42671368
0.35500121
0.40217244
0.37229841
0.39486068
0.37321786
0.38684708
0.36037323
0.38768835
0.34880805
0.37194118
0.3455861
0.36523527
0.33202366
0.38444164
0.34351012
0.36911938
0.31923264
0.3599889
0.35314686
0.39915812
0.37502092
0.39763028
0.37688339
0.35871715
0.34445857
0.37196903
0.32612311
0.37148589
0.35994583
0.39026553
0.38630473
0.3997057
0.36543311
0.34911824
0.32202672
0.30906625
0.30536361
0.34835514
0.29090489
0.37605304
0.31729589
0.45708048
0.39370056
0.44693275
0.41083663
0.41196754
0.39834759
0.40666971
0.42068662
0.42870598
0.40726493
0.35214235
0.3251609
0.33136258
0.28443746
0.35618888
0.32889918
0.39299777
0.40239071
0.38772521
0.34334451
0.40568045
0.35242155
0.3703045
0.31236264
0.34600228
0.317924
0.3842926
0.3466002
0.44638962
0.39537427
0.42786625
0.37546706
0.33213847
0.3187114
0.34095929
0.30682744
0.34799341
0.33442512
0.35982203
0.32094983
0.36568988
0.32483298
0.35096326
0.34464191
0.37483414
0.34543982
0.39472543
0.37928607
0.34067225
0.31462569
0.356595
0.3153488
0.36505351
0.34503014
0.38188483
0.34688437
0.36406044
0.3467258
0.37227592
0.33929314
0.35785714
0.36549637
0.36397594
0.32262688
0.3756862
0.33157066
0.37403233
0.3528484
0.37463501
0.33839456
0.36221587
0.3273216
0.35845711
0.34229977
0.35399278
0.31851952
0.35846913
0.30897873
0.41439962
0.38958664
0.38894107
0.34623311
0.35393623
0.35243615
0.38400017
0.35658323
0.37136494
0.35587192
0.37471581
0.34765909
0.38829044
0.33896272
0.34373454
0.34497621
0.3444951
0.33263383
0.37186256
0.33007593
0.3711958
0.35154232
0.36774452
0.33643639
0.44370145
0.37538145
0.41047366
0.38369516
0.36655135
0.32773851
0.35920409
0.3315316
0.35541618
0.3331662
0.39133707
0.38738652
0.41971097
0.42687456
0.40110157
0.33478619
0.36824313
0.3278623
0.37770506
0.34201887
0.41197458
0.36345289
0.41060796
0.3567502
0.44986949
0.38173972
0.41481531
0.34696973
0.37139245
0.31590252
0.37273236
0.33004847
0.36640078
0.32614017
0.35822699
0.31595574
0.33437903
0.28396644
0.39917694
0.33254028
0.4236506
0.39464241
0.42660109
0.40287857
0.43789759
0.42573467
0.37986318
0.3385652
0.36746205
0.33636484
0.35908791
0.33779204
0.37973963
0.39204668
0.40536509
0.35860474
0.34214835
0.31620753
0.33928221
0.30304314
0.35255752
0.3506578
0.38921844
0.35360644
0.34504739
0.34521502
0.38041625
0.35101762
0.38593911
0.35723556
0.3710714
0.34392377
0.343563
0.35511894
0.33073654
0.30168408
0.3257858
0.31040215
0.38640134
0.33601208
0.3666621
0.3332192
0.35723227
0.34675734
0.3560812
0.3526155
0.3791687
0.35774204
0.37477402
0.37479505
0.38023842
0.33056015
0.34372625
0.36011791
0.36946637
0.35252646
0.34372646
0.31989354
0.3418527
0.35491385
0.38182941
0.33806208
0.3725099
0.41035133
0.37449795
0.40594799
0.36397365
0.37559092
0.36378324
0.31498219
0.36618464
0.3375698
0.36956371
0.35952132
0.38673547
0.35966049
0.38505669
0.3369931
0.35469008
0.32005402
0.3335496
0.29911956
0.40042503
0.33272612
0.38535448
0.39135595
0.38360383
0.35244633
0.38381704
0.34466716
0.40231137
0.33720555
0.40521787
0.39798156
0.39359651
0.36520287
0.38801029
0.33786855
0.37931846
0.36667609
0.40636562
0.35484626
0.34647559
0.3688096
0.34589331
0.33972356
0.37228033
0.34600166
0.38615235
0.36078622
0.40934722
0.32549099
0.40963105
0.36375196
0.38571105
0.36445674
0.36561513
0.34750287
0.37393603
0.33840693
0.34815007
0.35437163
0.34474156
0.31502551
0.32855503
0.33290455
0.34542321
0.33104442
0.37625333
0.35798808
0.3520968
0.34685072
0.35319365
0.31354045
0.34889341
0.33094119
0.37531111
0.33504855
0.37534088
0.36901712
0.42066557
0.40301388
0.39143289
0.34174341
0.36081729
0.32516795
0.34741447
0.32192979
0.37467514
0.34156092
0.35549696
0.33044465
0.38253428
0.3512811
0.38828277
0.35368377
0.37289851
0.34248219
0.36020043
0.3309938
0.39964287
0.35400577
0.36649161
0.35051568
0.3778029
0.33389493
0.41432242
0.38933058
0.38277569
0.40435486
0.36097432
0.34611629
0.34979402
0.32713343
0.36534605
0.31865791
0.35575426
0.35501155
0.37217009
0.36278208
0.36729949
0.32963057
0.37152516
0.33869475
0.37240485
0.3586855
0.34334987
0.30898227
0.39017408
0.34579725
0.3889247
0.36094616
0.38299454
0.34621129
0.37734029
0.34242374
0.37969568
0.37419425
0.39407069
0.35191002
0.37631575
0.33889449
0.37354546
0.33536289
0.35117655
0.32549485
0.38194743
0.3277592
0.3920035
0.34764093
0.36398954
0.34291375
0.37134495
0.36293452
0.36823289
0.31911196
0.31995349
0.30596997
0.36371424
0.32541104
0.37502812
0.38048991
0.3901242
0.36876329
0.3973071
0.35813973
0.36253203
0.34121094
0.3558052
0.31925448
0.34397959
0.33535485
0.35921619
0.30437922
0.40166745
0.35336133
0.36616991
0.42313687
0.36014597
0.343902
0.37810501
0.36217353
0.38223439
0.35039464
0.35454429
0.31209418
0.36944452
0.34101714
0.3999683
0.3736856
0.41799706
0.3818531
0.41110168
0.32999463
0.37845209
0.32211804
0.37183837
0.34489561
0.38315014
0.37709503
0.34198294
0.34753946
0.37477041
0.36505933
0.34976909
0.37480614
0.35358346
0.31663888
0.34811914
0.30505049
0.35906277
0.34382336
0.39646376
0.37162994
0.42064579
0.38152321
0.39950472
0.34749027
0.44066837
0.37536593
0.39981664
0.37149636
0.42477774
0.36512893
0.4034897
0.37163915
0.3646529
0.3437086
0.3296198
0.35348323
0.3561045
0.31244898
0.36476099
0.35874762
0.3892963
0.38797465
0.39151544
0.35793851
0.39090844
0.36633247
0.38238677
0.32971628
0.3883277
0.34815413
0.42289891
0.37214108
0.40304992
0.35649423
0.36286204
0.327139
0.37186429
0.34786641
0.39892819
0.358001
0.38040257
0.34260818
0.35809615
0.35609155
0.36779404
0.33679361
0.3627468
0.34107414
0.39719241
0.35293217
0.4168708
0.3556028
0.36656829
0.37599156
0.38601534
0.33311339
0.38265261
0.32015722
0.36991268
0.3291054
0.37261752
0.35108037
0.39804004
0.36773356
0.39377206
0.37040326
0.35820951
0.34183921
0.35451823
0.32131345
0.35735298
0.32112252
0.38602375
0.36969387
0.41184223
0.38409627
0.39518437
0.3571126
0.36380411
0.32315998
0.37739078
0.34052481
0.34532452
0.33053532
0.34700015
0.35534166
0.34107466
0.31781059
0.38966387
0.37513638
0.35988501
0.32403429
0.36898596
0.3043821
0.38700996
0.36068179
0.37816717
0.35900975
0.35169372
0.32467998
0.35521481
0.31925588
0.37638086
0.34853049
0.37742692
0.39254169
0.36005692
0.39158346
0.36351941
0.35750524
0.37568162
0.32322973
0.34100141
0.31703601
0.42314015
0.37629831
0.40190222
0.39778623
0.39756611
0.38051161
0.37682709
0.32989798
0.33609174
0.30899522
0.3632878
0.35579611
0.36529925
0.34360782
0.38145247
0.3867415
0.3967594
0.3766346
0.38546171
0.34745236
0.39035127
0.35660092
0.3969885
0.34757932
0.39345906
0.32784259
0.3864782
0.33984932
0.37264054
0.34004603
0.37597779
0.3566451
0.38721505
0.38574265
0.38667206
0.39352907
0.3448045
0.31233849
0.35346393
0.35362577
0.34810869
0.32134066
0.35599623
0.34229771
0.38578881
0.36760546
0.37123853
0.34016705
0.38569565
0.33019935
0.38443415
0.37312501
0.34445418
0.3167967
0.37322188
0.31761797
0.37425512
0.3407863
0.42230673
0.39423458
0.42207214
0.35518481
0.36907288
0.35807712
0.39347704
0.40116289
0.36847123
0.39584076
0.36888839
0.3203601
0.34149559
0.32224572
0.37818382
0.33497265
0.36473808
0.33409312
0.3634287
0.32599985
0.38193228
0.36923568
0.36233688
0.32134662
0.36957352
0.33305295
0.40210234
0.38773422
0.41472289
0.40495686
0.35470263
0.32091179
0.32149713
0.31368035
0.35538704
0.30160526
0.41954366
0.35348859
0.40826691
0.37912759
0.37714071
0.33120188
0.37000747
0.33429167
0.38323706
0.34788164
0.40024699
0.38074251
0.40758355
0.37942865
0.36080439
0.32089543
0.3730861
0.3452532
0.40444639
0.33163197
0.38617602
0.32983007
0.36901304
0.35509303
0.35753834
0.3518494
0.34135245
0.32097705
0.36463916
0.34453264
0.33716859
0.35572292
0.36123548
0.33968015
0.36258283
0.34002118
0.365784
0.34866827
0.39288292
0.35094306
0.38410154
0.34778302
0.43853178
0.42008005
0.3984617
0.37004549
0.35611162
0.31431772
0.33522374
0.31682296
0.37977497
0.31185013
0.36074509
0.31743343
0.38953754
0.36165288
0.37469405
0.37590418
0.38386812
0.38517408
0.32992336
0.34219785
0.36740735
0.35241763
0.33432602
0.31103385
0.3631193
0.33832617
0.3739562
0.35504551
0.33548403
0.32493032
0.34245171
0.33195486
0.38107208
0.33369109
0.38079516
0.35264933
0.35178066
0.33482938
0.37305089
0.34160503
0.36229412
0.3311383
0.38966251
0.35240331
0.37062475
0.33395043
0.34723096
0.30033088
0.34980109
0.37202583
0.40140543
0.37396101
0.42074184
0.39258447
0.38352917
0.35040435
0.37089183
0.3646955
0.35447807
0.31370176
0.36812397
0.33941175
0.37787611
0.33205611
0.33859291
0.3647841
0.38452549
0.36514621
0.37913324
0.33297793
0.34963033
0.34763009
0.33388774
0.31179145
0.35082489
0.31472047
0.38611156
0.33180796
0.42953943
0.37154529
0.36773066
0.37161647
0.37176834
0.34118968
0.38601409
0.35241778
0.37952016
0.34611696
0.3744689
0.36469404
0.34120027
0.35263516
0.33445954
0.31661079
0.38523453
0.36179652
0.38193792
0.36413758
0.35721859
0.35955815
0.35762623
0.35583628
0.37141838
0.33553516
0.35064054
0.30991753
0.34186102
0.34216245
0.33351761
0.35081854
0.34281088
0.33904488
0.37787591
0.35424102
0.46141516
0.41592701
0.44867791
0.40637843
0.38647304
0.33879844
0.36991437
0.34457884
0.38648343
0.36021492
0.37316031
0.34114284
0.403583
0.33976659
0.38834531
0.33764793
0.36674287
0.38474854
0.35915336
0.3310237
0.36442591
0.32590308
0.36980943
0.34477359
0.36752874
0.32085537
0.3519507
0.37172162
0.33542027
0.31112444
0.36477748
0.3485315
0.37690167
0.32914686
0.35706883
0.32868602
0.37488171
0.36987342
0.37568641
0.3769523
0.4408293
0.38468346
0.37761202
0.35784556
0.36503648
0.36969379
0.37979456
0.3789531
0.3752657
0.3558407
0.35129184
0.34254131
0.35407896
0.32969229
0.35504092
0.31136501
0.38005281
0.3286601
0.36625387
0.35833807
0.36169873
0.33127963
0.35429012
0.34126118
0.34682125
0.33638903
0.36500179
0.31919742
0.3669412
0.33313222
0.36309624
0.35979176
0.38042764
0.32948519
0.37286115
0.32639729
0.39618674
0.36430014
0.37728215
0.33770654
0.35371232
0.3621647
0.38495094
0.37703807
0.35400555
0.31261734
0.3252857
0.31960514
0.35916936
0.31861483
0.39862697
0.36856038
0.40431918
0.39538937
0.3634861
0.38959489
0.36737731
0.3522793
0.36783979
0.33472504
0.36430621
0.34175964
0.37040503
0.34207201
0.36515585
0.33317755
0.38752066
0.34640393
0.41666388
0.37173983
0.43052579
0.37516002
0.36468453
0.35921224
0.36453344
0.33554156
0.36986995
0.34965544
0.38941375
0.39703108
0.41531886
0.35323522
0.35767886
0.30599649
0.33181106
0.29416004
0.34609676
0.32507405
0.39870853
0.36104251
0.39340963
0.37770296
0.3803249
0.37577906
0.34745409
0.32940804
0.3480365
0.32686986
0.34329284
0.35396597
0.36307056
0.32558941
0.36761686
0.31352647
0.35905549
0.35661563
0.38117568
0.33980696
0.38333015
0.33787217
0.41249959
0.35031836
0.37635427
0.36272204
0.34859539
0.33796118
0.38859982
0.38095324
0.37701843
0.36447709
0.36078999
0.31630895
0.37361057
0.3685353
0.35399333
0.33357327
0.34876914
0.31016285
0.38505222
0.34069243
0.38230204
0.33246574
0.37641163
0.34070901
0.36506046
0.34722724
0.36451557
0.33986931
0.3691748
0.31805236
0.37507223
0.32132672
0.38482316
0.34953926
0.35036159
0.32961553
0.37859354
0.34744193
0.43676764
0.36171385
0.41602863
0.37998597
0.38754859
0.36837231
0.35503999
0.3669137
0.33103092
0.31075484
0.36654554
0.38254452
0.37130152
0.35135328
0.40983404
0.35288768
0.36686012
0.31983753
0.36838903
0.34301355
0.35699937
0.33629191
0.37786558
0.33698046
0.36031837
0.31880518
0.36499213
0.35067573
0.37201898
0.34806256
0.36990469
0.34303095
0.40295862
0.36333541
0.37722683
0.38367601
0.38382446
0.34343345
0.38978239
0.33872752
0.35351266
0.32649787
0.39751643
0.35016302
0.40426832
0.3322877
0.36824929
0.33205568
0.38219763
0.33195795
0.35111158
0.30126922
0.39570701
0.35288736
0.35942358
0.35243856
0.38482616
0.38007587
0.36284513
0.32471066
0.35265915
0.31737085
0.36489352
0.36277159
0.37170251
0.34131944
0.36987107
0.34967487
0.38108559
0.34862616
0.35989181
0.35137797
0.33610436
0.3142859
0.34608376
0.30736118
0.34682363
0.31221433
0.38784868
0.38107476
0.36647528
0.35667025
0.36187968
0.36759824
0.34369281
0.320608
0.3415141
0.31675326
0.36249957
0.37072783
0.39387401
0.37686121
0.38545583
0.35715092
0.38196651
0.32997385
0.38494772
0.35735916
0.35528563
0.33555791
0.37524337
0.33076413
0.36717809
0.32425597
0.36359645
0.3398688
0.39398559
0.37563805
0.36413272
0.37157929
0.39617379
0.33320565
0.37213434
0.33242424
0.35839764
0.34607535
0.40132837
0.36290311
0.37781159
0.33526189
0.3952215
0.34304106
0.35447101
0.34455648
0.37817551
0.33420572
0.41087313
0.36600422
0.39696269
0.34895783
0.34351456
0.32654084
0.36537518
0.32608427
0.38960558
0.36027086
0.4062213
0.34685979
0.34905674
0.31087924
0.34702301
0.31321146
0.3721579
0.32099318
0.40519435
0.34571743
0.39056721
0.40232623
0.41462238
0.40681269
0.37552887
0.32536799
0.38310563
0.35266237
0.37194383
0.33847975
0.34012348
0.31099349
0.39969996
0.35571035
0.41552299
0.40658483
0.40322864
0.37710546
0.35287204
0.32973022
0.36452137
0.33175479
0.38506098
0.37273652
0.38916911
0.38388646
0.40095585
0.39264225
0.37867491
0.35904321
0.36564187
0.38750007
0.40414189
0.41796468
0.39230857
0.38153017
0.36098527
0.34082531
0.38958709
0.34476906
0.39454881
0.37846804
0.3660844
0.36581016
0.36637636
0.31286694
0.36545971
0.37975302
0.38429139
0.38812934
0.36688682
0.36566946
0.35635046
0.33859116
0.37109068
0.35697468
0.3865989
0.3701969
0.37516099
0.35492615
0.35148604
0.30070949
0.37336292
0.35123029
0.35984521
0.33327825
0.3757354
0.34359892
0.39760419
0.35954482
0.37364965
0.37405791
0.35779847
0.35465213
0.40068337
0.33715692
0.33561776
0.30925824
0.35872477
0.33874297
0.36459537
0.35271263
0.3642678
0.34543291
0.36511143
0.33320643
0.37421917
0.33726151
0.3535099
0.32564301
0.3545783
0.31641502
0.4114355
0.35395651
0.41078746
0.36058063
0.39950431
0.38192969
0.36732913
0.33886419
0.35953908
0.30790093
0.35380001
0.31558654
0.38784616
0.303279
0.4093906
0.336367
0.42024841
0.39543883
0.41986372
0.40785287
0.35247793
0.35466743
0.35727432
0.32029088
0.36491709
0.34430034
0.37939536
0.34128191
0.36217431
0.34703369
0.34529457
0.31501107
0.34290555
0.3382514
0.34709597
0.3426141
0.41316019
0.3681093
0.3653684
0.35103828
0.35639426
0.32943206
0.37171802
0.36032115
0.35864457
0.33609121
0.34140755
0.35662232
0.32782398
0.33080719
0.34938008
0.34517179
0.35844694
0.33292497
0.36100375
0.32968894
0.38927196
0.34246204
0.39946618
0.36673438
0.35905351
0.37751881
0.44213249
0.3526811
0.39660829
0.35915584
0.37110488
0.39578048
0.36937946
0.36470258
0.34457325
0.33671929
0.39784586
0.32519287
0.39395439
0.37560412
0.40672444
0.35887852
0.41304319
0.34949043
0.37835363
0.34806397
0.35834913
0.37196045
0.39008648
0.38690029
0.37155455
0.35715996
0.35979676
0.31871429
0.35576661
0.32275446
0.40079843
0.37209105
0.39020311
0.34064559
0.36746761
0.31781562
0.35431176
0.32440019
0.37514293
0.32445616
0.38842509
0.34481071
0.38958938
0.40387715
0.38115993
0.37147005
0.39305757
0.34395877
0.39139918
0.34777422
0.3652048
0.32302586
0.36896015
0.35458504
0.40822358
0.34042766
0.3949902
0.36664574
0.40433531
0.36617797
0.38491159
0.36572082
0.3363086
0.31763638
0.37593116
0.3422168
0.39137551
0.37138703
0.36998236
0.33949711
0.3652864
0.32764913
0.34611112
0.31913225
0.37611338
0.33069923
0.43159398
0.3646541
0.41970209
0.35905444
0.42355193
0.3422475
0.4137161
0.379116
0.38716892
0.34455184
0.40688342
0.36309181
0.39720112
0.37181014
0.37056918
0.3332668
0.36771871
0.335685
0.37281765
0.35231664
0.35236637
0.33422128
0.35587186
0.32182666
0.35533544
0.36177091
0.39922332
0.37793418
0.37539183
0.33995914
0.36193036
0.36235853
0.34719145
0.35006791
0.38880934
0.37467697
0.41470532
0.36080789
0.40770934
0.35348782
0.38070388
0.36104252
0.423461
0.34791288
0.39186866
0.36537524
0.37825199
0.32796868
0.35135238
0.33645444
0.38731881
0.36572601
0.39572863
0.36349366
0.40004682
0.36100125
0.3795778
0.33600686
0.36908805
0.32908388
0.39901073
0.36443858
0.36743183
0.37308246
0.35561478
0.31542315
0.38045122
0.34530499
0.40750029
0.39693089
0.35736481
0.34037255
0.35579989
0.32012098
0.39554638
0.34562771
0.38692885
0.34782786
0.39024249
0.34963144
0.37455321
0.37288754
0.37120275
0.36692025
0.37407195
0.32822848
0.37249118
0.3297565
0.33229135
0.31028257
0.38017813
0.3646749
0.38957127
0.39790662
0.36650251
0.39869632
0.35797485
0.32891869
0.38025508
0.32541415
0.38091008
0.34905819
0.38001707
0.33985554
0.39378086
0.38253027
0.35221176
0.33596996
0.38245812
0.35558022
0.39426325
0.38138223
0.38560993
0.39181529
0.39332645
0.40225849
0.36280848
0.34548533
0.34233873
0.32781854
0.36096393
0.33436967
0.36202402
0.31778449
0.36612144
0.33960725
0.36607666
0.35352223
0.34839438
0.36965447
0.35335352
0.32974829
0.37970998
0.37031669
0.39151282
0.35081461
0.36661072
0.34504817
0.38972712
0.3610493
0.39871433
0.36226201
0.33527858
0.30227148
0.34657116
0.3352316
0.38638675
0.34476756
0.35029333
0.33159413
0.39093712
0.34101867
0.36641113
0.32755335
0.37027476
0.32988954
0.34878389
0.36849777
0.37377067
0.33540664
0.35768682
0.34155474
0.38557034
0.3488366
0.37057896
0.3839768
0.34689893
0.32897337
0.37664048
0.36374467
0.42373035
0.41212164
0.40113177
0.41247234
0.38702805
0.35356259
0.36649562
0.33996233
0.35635955
0.33627955
0.37415453
0.33747922
0.36010748
0.35536701
0.35048149
0.369622
0.40402664
0.39239144
0.35263904
0.32544725
0.34628852
0.3180858
0.40571692
0.34932533
0.37479622
0.37974422
0.39960643
0.35903701
0.36212309
0.33258649
0.39133363
0.33632503
0.37874552
0.3467615
0.39309001
0.35038372
0.38424956
0.34752497
0.36478661
0.34240398
0.3570264
0.33350063
0.36509385
0.3234201
0.36712136
0.35481593
0.37330158
0.34521281
0.38643047
0.37724394
0.40699286
0.34907051
0.3802127
0.33605388
0.37624262
0.34855363
0.3720439
0.32960279
0.38819374
0.35186311
0.38756569
0.37597061
0.39042748
0.38601839
0.37285077
0.34291333
0.35880544
0.36500107
0.37613733
0.36865341
0.36638682
0.35313422
0.40009237
0.36556723
0.35929946
0.33331756
0.36894158
0.35377413
0.38877899
0.37031797
0.38466699
0.34028184
0.39815477
0.35956532
0.3623861
0.32970376
0.35866757
0.31487019
0.37403384
0.33549722
0.3771859
0.34300343
0.42456674
0.39428028
0.39307679
0.3627262
0.36246827
0.36046833
0.35987127
0.33135816
0.35252159
0.32688155
0.34453396
0.341977
0.36826643
0.33467094
0.36195267
0.34124304
0.3680798
0.32688819
0.36750825
0.35564234
0.37328726
0.34469412
0.35648263
0.33915465
0.3552834
0.34203678
0.34262363
0.31626277
0.33545642
0.33685292
0.355815
0.37352018
0.35964505
0.34238523
0.35085235
0.36362559
0.38479005
0.33398655
0.37586373
0.33997433
0.32871748
0.34896601
0.34055941
0.32487915
0.33163195
0.29591
0.36911018
0.3518108
0.3883193
0.36397948
0.39140537
0.33728805
0.34595365
0.30127518
0.36871194
0.37929469
0.3906425
0.37113092
0.37093238
0.3503951
0.33560983
0.34539137
0.36105241
0.33346444
0.40394215
0.34584035
0.38300524
0.34908875
0.34510756
0.33319126
0.33497902
0.32355496
0.34636129
0.36798868
0.35940108
0.33017775
0.38578679
0.36107695
0.4002769
0.35793633
0.34868827
0.34052762
0.36200663
0.35052893
0.36338236
0.34193242
0.35999302
0.34663627
0.37549847
0.33031518
0.38575449
0.36539938
0.39677398
0.3576574
0.36406604
0.38518713
0.33957994
0.36795591
0.34508762
0.31962386
0.33749371
0.31450226
0.36155419
0.31762193
0.40716728
0.38933627
0.38580831
0.38396123
0.38114291
0.30742072
0.36468517
0.31724507
0.38292798
0.33569272
0.4137169
0.37692156
0.37284346
0.36250957
0.33514111
0.31628425
0.3566458
0.329099
0.35838502
0.32120175
0.33934134
0.32683958
0.3917782
0.34916469
0.40443643
0.3793869
0.3738342
0.33694501
0.35535376
0.31657464
0.39745257
0.33622049
0.38717808
0.37899381
0.3956593
0.35992472
0.39072838
0.35644541
0.39167653
0.36631134
0.39268364
0.38710021
0.36842822
0.33210066
0.39544733
0.35140547
0.41538102
0.38316067
0.44606153
0.3884411
0.40529865
0.34025093
0.40447218
0.35048132
0.37485912
0.38416991
0.35172534
0.3523666
0.33033457
0.30950986
0.34754203
0.32730541
0.36146853
0.34143374
0.35534057
0.32045037
0.3554467
0.33919954
0.36570697
0.32905475
0.36422588
0.33927922
0.33968817
0.32584883
0.34708964
0.2880771
0.32750216
0.29545212
0.4074627
0.34393607
0.42658807
0.39720461
0.43876175
0.41475018
0.40308215
0.35383348
0.34316208
0.36272874
0.38336868
0.32531555
0.33907655
0.32115544
0.41316432
0.39517067
0.38105545
0.34677007
0.36306624
0.33569907
0.35680793
0.34845522
0.3595266
0.34113158
0.35286584
0.35337841
0.34545003
0.35047932
0.36715218
0.32088793
0.34710144
0.30196391
0.36671545
0.3398408
0.40067922
0.35731261
0.43691921
0.40006374
0.40058958
0.40303297
0.38393585
0.32425824
0.33875811
0.34973645
0.38000674
0.35766475
0.34726698
0.33472872
0.34533335
0.31580417
0.3533509
0.31964297
0.37430401
0.35701262
0.35584901
0.33645205
0.35254873
0.32778286
0.36777052
0.32367343
0.38029022
0.36631703
0.37100903
0.38824842
0.3574489
0.34575273
0.35196623
0.33715692
0.35667965
0.33578909
0.38029522
0.35141162
0.40673586
0.36714832
0.43169038
0.38929109
0.40751939
0.37187516
0.41217153
0.38184016
0.37857193
0.37815889
0.39195577
0.35009296
0.39405295
0.34642315
0.34311373
0.33449549
0.39166838
0.32754072
0.37470667
0.33323946
0.38650901
0.33071892
0.35641162
0.31196556
0.35367098
0.36474358
0.39272229
0.36062432
0.37212941
0.3530273
0.36246478
0.34716186
0.36158859
0.34320847
0.38347958
0.35025868
0.37393191
0.33310355
0.34829973
0.31382568
0.3802233
0.34027596
0.41745359
0.35003983
0.4106121
0.36593103
0.39534546
0.35244113
0.40779089
0.3518203
0.37619031
0.3511888
0.35435195
0.34675206
0.3482768
0.33598101
0.36069468
0.32821023
0.34000982
0.30197552
0.3317129
0.31731406
0.37984846
0.33645121
0.39667722
0.36275134
0.38113945
0.32880752
0.3655577
0.34103212
0.3523969
0.31253138
0.38892611
0.35272532
0.40452072
0.37554655
0.41419994
0.37284332
0.37759092
0.37784693
0.35016472
0.34670238
0.39744813
0.40019765
0.38161414
0.3525286
0.4186669
0.38989515
0.36910625
0.35944245
0.35828307
0.34324481
0.38133433
0.3570387
0.36095555
0.34501206
0.37799699
0.33585766
0.35752869
0.33994228
0.37696565
0.3387396
0.41175562
0.36016558
0.39240949
0.34007827
0.3728829
0.36397536
0.41260893
0.34868701
0.36068195
0.3387086
0.33989761
0.34141285
0.38894913
0.35902083
0.36633613
0.39730795
0.38809695
0.36804013
0.34878292
0.33919126
0.35892096
0.33342343
0.35095167
0.3363893
0.33751915
0.32312965
0.32904046
0.30962098
0.37037998
0.31041804
0.40432114
0.3519021
0.41286739
0.36874733
0.41688061
0.40457919
0.39579066
0.37677779
0.37365569
0.35668913
0.35901819
0.33239596
0.37855377
0.36122936
0.39316873
0.36515441
0.38637686
0.38964914
0.3857473
0.39427214
0.34644149
0.31052252
0.30914145
0.29716861
0.37923193
0.32753873
0.41308691
0.37743786
0.41633149
0.36774861
0.41497919
0.35868427
0.379228
0.34498388
0.34172861
0.31040108
0.33891117
0.30897997
0.33937187
0.30216014
0.36256849
0.33085372
0.37060182
0.31927744
0.37780554
0.31606186
0.37427915
0.33948595
0.4235561
0.35218231
0.42244051
0.36146793
0.41763189
0.35943256
0.41084497
0.38619207
0.3908146
0.35566577
0.38352472
0.34697059
0.38081413
0.33962968
0.37970809
0.39217124
0.38540221
0.39006007
0.3573781
0.34439399
0.33726044
0.33977009
0.36293499
0.3451742
0.36746938
0.32594006
0.3439708
0.32968843
0.3606226
0.33824369
0.37121318
0.36635242
0.40888611
0.33900059
0.39446799
0.32941978
0.40498048
0.34048233
0.42040136
0.3461417
0.37140937
0.34543471
0.37273136
0.33048533
0.36782639
0.36650524
0.362365
0.32904647
0.36844266
0.40929973
0.38689431
0.36165253
0.40282673
0.39820931
0.34936239
0.34683309
0.35223115
0.34325639
0.41628826
0.33312384
0.37078491
0.33959158
0.37823301
0.32422041
0.38347371
0.35757477
0.3813533
0.35536854
0.36960052
0.36570849
0.37675557
0.32492765
0.39306925
0.33196918
0.43844566
0.39142079
0.36873252
0.31086114
0.36531395
0.29432858
0.38887122
0.33189458
0.3962009
0.3527039
0.39243137
0.38074956
0.37935383
0.41511533
0.41114536
0.35469469
0.37165715
0.32990115
0.36831742
0.35112122
0.37345024
0.32656383
0.34258673
0.31401683
0.3436768
0.33395658
0.38433005
0.34501265
0.41027379
0.36737449
0.36432812
0.31287748
0.34382097
0.32550888
0.35596711
0.32289651
0.38206331
0.37895054
0.37427993
0.3677746
0.37727092
0.39839568
0.34874778
0.3185519
0.34689347
0.33944019
0.35503206
0.33134197
0.35001358
0.3123365
0.36041356
0.34710011
0.39068486
0.34570624
0.38838209
0.39301798
0.38122201
0.34228304
0.36715192
0.32533151
0.36491889
0.33851393
0.36715727
0.32321101
0.39522755
0.35038669
0.37779408
0.34951152
0.39339763
0.36996904
0.41195267
0.39514638
0.38480714
0.40311696
0.38710519
0.34105486
0.35573589
0.35064467
0.34359841
0.33555118
0.35187823
0.32202541
0.39949463
0.36661692
0.38431654
0.33238667
0.38671356
0.39257197
0.38602032
0.33101255
0.37194668
0.33558581
0.39777926
0.37148379
0.37241036
0.36897526
0.37388729
0.35058547
0.37008386
0.34740477
0.35063946
0.3319364
0.37269584
0.33373361
0.36762457
0.32097383
0.40115016
0.34754246
0.36814054
0.35869951
0.35986377
0.36040625
0.34376521
0.39139056
0.35042336
0.3330189
0.33501516
0.28267259
0.41051439
0.34243188
0.44141343
0.34461002
0.38701481
0.37308888
0.40186951
0.38205043
0.39915568
0.38273398
0.38577971
0.3611538
0.35643529
0.3526007
0.39982454
0.40853853
0.39805058
0.36843611
0.37035138
0.34868762
0.39306999
0.40200726
0.39546892
0.39071795
0.38505838
0.37202614
0.39238771
0.34553341
0.34980144
0.31686224
0.35687125
0.36073553
0.39102045
0.34288867
0.38008882
0.33851733
0.36827527
0.3468242
0.34428454
0.31843473
0.38956879
0.33414202
0.40534187
0.37856732
0.40763749
0.35921935
0.39198336
0.37758437
0.35266156
0.34055255
0.35329954
0.33986461
0.34064445
0.29655959
0.34510937
0.31208973
0.3833393
0.36362001
0.35267917
0.35269238
0.34608388
0.34417976
0.33587436
0.31539862
0.34377864
0.32378567
0.3556634
0.33728403
0.38888403
0.34857072
0.40502467
0.35999351
0.34986496
0.32055762
0.37176724
0.34144169
0.3770716
0.31362406
0.37300633
0.34988185
0.38194644
0.36977632
0.40988644
0.36503131
0.3561186
0.33814431
0.33485574
0.32112391
0.33499568
0.31338714
0.36753481
0.35321115
0.3951885
0.35639788
0.32424828
0.2896245
0.32291521
0.28772577
0.37683682
0.34383929
0.40059288
0.42727671
0.40260518
0.34968373
0.35465001
0.34253532
0.37519029
0.37700285
0.39178781
0.38345327
0.37960073
0.35540715
0.37637416
0.37923933
0.36686825
0.35207351
0.35144794
0.33137249
0.33465914
0.30588446
0.34934985
0.31706867
0.36983623
0.34033109
0.39519819
0.37070293
0.36542293
0.34484461
0.35518159
0.35990275
0.37767092
0.35022515
0.37827414
0.36039976
0.40519245
0.3467168
0.37687165
0.33411654
0.36906364
0.32912838
0.35432403
0.32250488
0.36132132
0.33387604
0.37756367
0.37380971
0.37825697
0.35998795
0.35149487
0.35765864
0.35066414
0.32100645
0.42380501
0.36099437
0.35968558
0.3524326
0.35492825
0.32750124
0.380765
0.32677757
0.36177297
0.335354
0.36130264
0.32300387
0.32364616
0.33592061
0.39731573
0.3404781
0.36539523
0.36685775
0.37761782
0.34851598
0.35856275
0.33922401
0.3638481
0.33617779
0.38064638
0.3660949
0.37554182
0.36479804
0.3748685
0.33861054
0.36879249
0.32690889
0.3675212
0.32844443
0.40366326
0.35636138
0.39768419
0.3485205
0.38911913
0.3766794
0.36223989
0.34526006
0.35540785
0.36915368
0.37623802
0.35062592
0.37385611
