1
0.18463498
0.12679755
0.12683696
0.13997742
0.1317984
0.11673386
0.072858978
0.06846698
0.050833172
0.04783744
0.033902763
0.032029503
0.021431763
0.02008381
0.012738163
0.013479574
0.0080605109
0.0089487423
0.0051551512
0.0058560227
0.0034957524
0.004056234
0.0025891228
0.0029110318
0.0019223564
0.0019546864
0.0014142354
0.0013400893
0.0011267282
0.0011054016
0.00095863126
0.00096249122
0.00084070062
0.00085009952
0.00076820687
0.00078234751
0.00070359349
0.00070162727
0.00063394861
0.00063550606
0.00058388969
0.00056799738
0.00053105677
0.00051668109
0.00049281141
0.00048109005
0.00046815706
0.00045865384
0.0004540788
0.0004533213
0.00044471185
0.00045552728
0.00044344024
0.00044260881
0.00042561003
0.00041351256
0.00040665392
0.00039866418
0.00040225631
0.00042049219
0.00041405782
0.00042949255
0.00042166979
0.00042827756
0.0004242788
0.00042188138
0.00041872325
0.00040317561
0.00041214235
0.00041043159
0.00041253613
0.00041270948
0.00040907098
0.00040596969
0.00040853069
0.00041760189
0.00041892055
0.00040960425
0.00040244722
0.0004040901
0.00040530265
0.00040366236
0.00040273668
0.00040840283
0.000408487
0.00041611171
0.00041282215
0.00041479689
0.00041743044
0.00041360508
0.00040532743
0.00040302028
0.00040091675
0.00040563565
0.00041011271
0.00041361044
0.00040821582
0.00041392578
0.00041784766
0.00040892513
0.00039772776
0.0003961087
0.00040836326
0.00040202182
0.00039775285
0.00040202015
0.00041144897
0.0004108225
0.00041293074
0.00040061612
0.00040543649
0.00040729336
0.00041315935
0.00041532104
0.00041332776
0.0004256829
0.00040959601
0.00042307207
0.00042856144
0.0004299919
0.00042499491
0.00042399194
0.00041815187
0.00043130767
0.00042563437
0.00042571945
0.00042456044
0.00042479117
0.00042495341
0.00042769118
0.00042436255
0.0004363347
0.00043374408
0.00044435553
0.0004429659
0.00043989151
0.00044557618
0.00043608906
0.00044004357
0.0004639592
0.00048290731
0.00047486356
0.00045583132
0.00048470719
0.00049344755
0.00048991371
0.00047961579
0.00046815818
0.00046570856
0.00046290216
0.0004834561
0.00048154428
0.00050008422
0.00049796869
0.00048589134
0.00049977779
0.00050301046
0.00051173598
0.00051346595
0.0005013317
0.00052419419
0.00051823477
0.00052854314
0.00053851823
0.00055199699
0.00053598582
0.0005225147
0.00050078177
0.00050975568
0.00050180385
0.00050130752
0.00052785776
0.00053524484
0.00053803655
0.00056310353
0.0005429139
0.0005419997
0.00052641711
0.00054400796
0.00054701471
0.00055839994
0.00056111046
0.00058703132
0.00059036743
0.00059322128
0.00058515562
0.00059355147
0.00058779696
0.00058698713
0.000598943
0.00060118692
0.00057678677
0.00058016349
0.00057541303
0.00058170597
0.00059411243
0.00064773187
0.00065222331
0.00064925983
0.00064583731
0.0006905747
0.00064268964
0.00063331024
0.00064748089
0.00064917531
0.00064990448
0.00065569802
0.00064861933
0.00067254778
0.0006964481
0.00068176139
0.00068085258
0.00067431128
0.00068028507
0.00068810581
0.00067130297
0.00069386142
0.00067959063
0.00069810372
0.00070822874
0.00070269589
0.00071274559
0.00073253295
0.00070117801
0.00072705472
0.00072594678
0.00075448881
0.000757854
0.00074708388
0.0007740929
0.00077681108
0.00075048312
0.00071774963
0.0007215989
0.00072045589
0.0006889152
0.00070094235
0.00075245292
0.00074361249
0.00079011388
0.0008100243
0.00075639281
0.00074712297
0.00071556625
0.00075836479
0.00074116983
0.00078634165
0.00079304297
0.00083160003
0.00083201376
0.00088002505
0.000800977
0.00080378489
0.00077234297
0.00078040919
0.00077310403
0.00079891025
0.00083218196
0.00087811201
0.00085865977
0.00086373406
0.00086539911
0.00084217582
0.00083189683
0.00091116868
0.00091104313
0.0009174886
0.00093532842
0.0009137709
0.00091919968
0.00087132792
0.00084171926
0.00091369304
0.00084171672
0.00083784077
0.0008514113
0.00090819356
0.00091062693
0.00090710174
0.00090443405
0.00090567074
0.00090012262
0.00091019116
0.00094509554
0.00092475381
0.0010171812
0.00098956225
0.0009610865
0.00094927049
0.00089002206
0.00088808655
0.00090500931
0.00093391501
0.00092835488
0.00093411848
0.00097804111
0.0010307831
0.00097842454
0.00096646219
0.00099840476
0.0011165805
0.0011174492
0.0010802035
0.0010718533
0.0010586024
0.0010421428
0.0010395349
0.0010940089
0.0010361187
0.0010348975
0.0010558826
0.0010323107
0.0010142184
0.0010421502
0.0010438812
0.0010479527
0.0011408231
0.0010885594
0.001106255
0.0010885586
0.0010493768
0.0010791112
0.0010702593
0.0010786908
0.0010734515
0.0011291952
0.0011462651
0.0010370185
0.0011100349
0.0010657847
0.001074298
0.0010892898
0.0011116809
0.0011643629
0.0012004989
0.0012554501
0.0013479386
0.0013051924
0.0013713854
0.0012976374
0.0012840067
0.0013153574
0.0014203538
0.0013691938
0.0013566942
0.001353238
0.0013089057
0.001239898
0.0012212914
0.0012894187
0.0012048439
0.0011968546
0.0011848306
0.0012182807
0.001259069
0.0012623779
0.0013118825
0.0012722526
0.0013611879
0.0013273334
0.0013430128
0.0013915962
0.0013802213
0.0013736388
0.0013666121
0.0013252527
0.0012759625
0.0013169005
0.0014152016
0.0013892695
0.0013481404
0.0013326899
0.0013952807
0.0014210457
0.0013485944
0.0013874116
0.0014514089
0.0013725355
0.0013251555
0.0012925996
0.0012573394
0.0014182578
0.0014518995
0.0013499568
0.0013377977
0.001366614
0.001317234
0.0013250206
0.0013116102
0.0013276653
0.0013859177
0.0013924788
0.0014814301
0.0014496703
0.0015808519
0.0016361869
0.0016083587
0.0015530243
0.0015571936
0.0015166435
0.00144389
0.0014519788
0.0014845963
0.0015054735
0.0016355343
0.0016127016
0.0015341677
0.0016956995
0.0017756414
0.0015487284
0.0014544192
0.0015340723
0.0015871093
0.001695249
0.0018836159
0.0016895931
0.001476003
0.001574296
0.0014897219
0.0015329226
0.0016046635
0.0016302859
0.0015514049
0.0015218334
0.0016717978
0.0016705528
0.0015521991
0.0016933861
0.0016534054
0.0016122293
0.0017428508
0.0016327896
0.001596969
0.0015604512
0.0015741545
0.0015740163
0.0016911062
0.0016727594
0.0015736283
0.0017295625
0.0017191223
0.001612429
0.0017457014
0.0017399305
0.0016426743
0.0016044407
0.0016272699
0.0015755326
0.0014780182
0.0015822552
0.001594724
0.0015647382
0.0016746893
0.0017963737
0.001851975
0.0017675312
0.0017618373
0.0017639433
0.0017547306
0.0016999868
0.0016968713
0.0016699643
0.001610065
0.0017179148
0.001738042
0.0018659634
0.0019224559
0.0018716493
0.0020055008
0.0018575567
0.0018771446
0.0017537286
0.0015982118
0.0016306869
0.001641734
0.0018039741
0.0017728314
0.001657881
0.0017381798
0.0017327045
0.0016811426
0.0017832729
0.0017939089
0.0018339932
0.0016999768
0.0018393237
0.0019897936
0.0020233382
0.0018157175
0.0018545592
0.0017394302
0.001609552
0.0015855174
0.0016364165
0.0016819107
0.0017326211
0.0017599464
0.0018711467
0.0019832331
0.001917008
0.0017679416
0.0017941378
0.0018752055
0.0018674841
0.0017802791
0.0019620173
0.0018163384
0.0019664368
0.0018385087
0.0017731005
0.0019396497
0.0018390369
0.0017537945
0.0016778655
0.0016112802
0.0018712502
0.0019142568
0.0018060183
0.001834234
0.0018808986
0.001838017
0.0018092322
0.001955766
0.0017179717
0.0019566317
0.001869985
0.001754502
0.0018852685
0.0017950559
0.0020163791
0.001832206
0.0018887567
0.0018851051
0.0016529525
0.0015152843
0.0016442588
0.0017662005
0.0016422026
0.0016010944
0.0018055505
0.0017166855
0.0017750755
0.0017236484
0.0018031926
0.0016813945
0.0016280178
0.0017069051
0.0017361523
0.0016491058
0.001669971
0.0016194189
0.0017440273
0.0018022666
0.0018685645
0.0018058233
0.0017865372
0.0018077468
0.0017852671
0.0017544863
0.001606474
0.0016568657
0.0017491682
0.00181191
0.0017679273
0.0016739166
0.0017760529
0.0018730839
0.0018761859
0.0017365706
0.0017368367
0.0017276298
0.0017794669
0.0016451879
0.0017530064
0.0016265313
0.0015526913
0.0015722142
0.0016139103
0.001628798
0.0017692667
0.0018794103
0.001706507
0.0016230978
0.0016002707
0.0015772637
0.0017153475
0.0016594699
0.0018097669
0.0018034311
0.0018053772
0.0017153755
0.0017544664
0.0019011789
0.0018654998
0.0016585595
0.0017168953
0.0015030008
0.0016741604
0.0018168979
0.0017825424
0.0017625122
0.0018166334
0.0016118202
0.001701481
0.0017398873
0.0016682266
0.0015469165
0.0016806745
0.0017403875
0.00170054
0.0015425373
0.0016509636
0.0015387459
0.0016304311
0.0015139753
0.0015360507
0.0016815898
0.0015999799
0.0015679618
0.0015759962
0.0016055462
0.0016844515
0.0016696785
0.0018705348
0.0017732891
0.0017642275
0.0016294301
0.0015794974
0.0015730787
0.0016206597
0.0016263712
0.0015303679
0.0014803326
0.0015664548
0.0014737358
0.0018215891
0.0016597936
0.0017447552
0.0016602745
0.0016818414
0.0015968772
0.0015203755
0.0016509355
0.001794653
0.0016561984
0.0017202411
0.0017165738
0.0016817323
0.0017014693
0.001602037
0.0019094011
0.0019075562
0.0017556172
0.0019119491
0.0017347384
0.0017791611
0.0016807086
0.0016653508
0.0015199618
0.0016336772
0.0015723814
0.001771952
0.0017929451
0.0018171193
0.001994071
0.0018438649
0.0018631143
0.0019191503
0.0017054603
0.0016500851
0.0018647754
0.001727309
0.001609973
0.0015803701
0.0015613725
0.0017555832
0.0015633468
0.0016019101
0.0015057014
0.0016400563
0.0015257227
0.0016473857
0.0017356388
0.0015881418
0.0014201845
0.0014625162
0.0014875858
0.0015146549
0.0016561495
0.0017071717
0.0015648404
0.0016759692
0.0015409772
0.0015569511
0.0016659199
0.0016691235
0.0018057553
0.0017783988
0.0019369367
0.0021415142
0.0019461327
0.0019334064
0.0016350607
0.0016299137
0.0017629411
0.0017079627
0.0015235361
0.0017774208
0.0016698822
0.0014633474
0.0015751704
0.0014850273
0.0015740033
0.0015750161
0.0015925137
0.0016499506
0.0018638101
0.0020505603
0.001670908
0.0016976317
0.001600978
0.0015312224
0.0015679063
0.0015015894
0.0016283365
0.0016561872
0.0017189827
0.001915223
0.001601989
0.0016542268
0.001659332
0.0016804221
0.0016202983
0.0015607698
0.0014874421
0.0016358709
0.0018756412
0.001656997
0.001653205
0.0016753937
0.0017108532
0.0019038494
0.0017879881
0.0018897018
0.0019033476
0.0017898531
0.0016498935
0.0016363322
0.0016015892
0.0016643547
0.0016022639
0.0016431346
0.0016820264
0.0017419294
0.0015593759
0.0015314472
0.0016425031
0.001747351
0.0016504882
0.0015902304
0.0016310921
0.0017141674
0.0017128709
0.0017890538
0.0019505046
0.0019825638
0.0017569029
0.0019239174
0.0019793169
0.0018479989
0.0016852481
0.0018317015
0.0017635725
0.0018644182
0.0017917259
0.0018112957
0.0018064838
0.0019140789
0.0019977782
0.0019653087
0.0021569574
0.0019375509
0.0017949871
0.0020005598
0.0020201867
0.0021392793
0.0020315053
0.0019307794
0.0017153685
0.0018144535
0.0019082371
0.0018304054
0.001795192
0.0020547333
0.0021306817
0.0020275286
0.0018512635
0.0018194304
0.0019191347
0.0019174769
0.002002751
0.0020195827
0.0019272974
0.0018969249
0.0020312815
0.0020116662
0.001893789
0.0018148403
0.0019867044
0.0020796874
0.0021308811
0.002134877
0.0020236151
0.0020084938
0.0021613925
0.0022089892
0.0021383635
0.0022025818
0.0023547416
0.0021688578
0.0021202454
0.0022975825
0.0022490511
0.0023121559
0.0022376185
0.0021869234
0.0022776839
0.002048538
0.0019255524
0.0020974122
0.0020885192
0.0023131569
0.0021292981
0.0020905494
0.0021506392
0.0020789909
0.0020479124
0.0021883855
0.0019773808
0.0022730357
0.0022047095
0.0023186622
0.0024760154
0.0023715363
0.0027035671
0.0025106438
0.0022735352
0.0024224246
0.002606528
0.0025049229
0.0023623219
0.0024132909
0.0021478737
0.0024541056
0.0026055259
0.0024043001
0.0022297383
0.0024194792
0.0025972253
0.0025100966
0.0027011662
0.0028546041
0.0026384726
0.0029064619
0.0029636123
0.0026940294
0.0026536611
0.0025374585
0.0028159851
0.0028048349
0.0026639873
0.0030354086
0.0028440578
0.0027540628
0.0026552551
0.0025922488
0.0024157556
0.0026671247
0.0028181178
0.0027159929
0.002640078
0.0029822511
0.0029163532
0.0029529488
0.0028583784
0.0029070876
0.0030697269
0.0030326183
0.0029308876
0.002837415
0.0031012473
0.0032967335
0.0030143877
0.0031309437
0.0034071819
0.0032249684
0.0031662542
0.0033610705
0.0032097468
0.0032604266
0.0034714962
0.0037154058
0.0036241308
0.0031715529
0.0033074777
0.0030821285
0.0030209913
0.0031689928
0.0031514806
0.0033614618
0.0033197896
0.0031812606
0.0031563795
0.0032767863
0.0032728129
0.0033904838
0.0032864946
0.0034645485
0.0035110011
0.0036904809
0.003613808
0.0036048779
0.0036856881
0.0037740555
0.0039756124
0.003861334
0.0039949146
0.0038746325
0.0039111481
0.0036403654
0.00362573
0.0036059292
0.0035323898
0.0038047558
0.0040699948
0.0039975533
0.0043650856
0.0042983433
0.0047877669
0.0044896223
0.0043973832
0.0041685936
0.0039795902
0.0039620509
0.0042454646
0.0043811119
0.0045134051
0.0047059044
0.0043717247
0.0042349871
0.0041234498
0.0041773282
0.0042744237
0.0039718819
0.0040763989
0.0042259195
0.0039869258
0.0048172295
0.004670741
0.0043630357
0.0041172373
0.0042174966
0.0043009037
0.0040730893
0.0044950531
0.0043766226
0.004539824
0.0047212325
0.005157417
0.0055377804
0.0057418169
0.0058155931
0.005872399
0.0057917166
0.0059769963
0.0059330652
0.006085554
0.0056317985
0.0055180961
0.0054572084
0.0056356698
0.0055743485
0.0056681869
0.0059599835
0.0059889374
0.0064073894
0.005873732
0.0060367005
0.0059364938
0.005722001
0.0061164658
0.0058733796
0.0061644086
0.0063692636
0.0063350248
0.0063406057
0.0071333912
0.0068188649
0.0071538808
0.0069117312
0.0069301265
0.0068261516
0.0072846714
0.0067940773
0.0067611232
0.0064023232
0.0062603244
0.0067297648
0.0066473435
0.0068401015
0.0069145494
0.0079612662
0.0074203077
0.0074472667
0.0076594448
0.0071143805
0.0069924087
0.006869025
0.0071838996
0.0078434449
0.0079441299
0.0084988555
0.007679317
0.007427214
0.0075982021
0.0077247572
0.0081011157
0.0077652552
0.0082070152
0.0080442189
0.0078700108
0.0082289393
0.0081784635
0.008624349
0.009121862
0.0086298156
0.0092540882
0.009082178
0.0093206925
0.0087434719
0.0085903003
0.0090549679
0.008667893
0.0087324888
0.0086299916
0.0085283513
0.0084793142
0.0082989935
0.0082798218
0.0090944459
0.0094598612
0.0092778015
0.009965956
0.010466238
0.0097074724
0.0089434371
0.0093156519
0.0099689993
0.010119623
0.010065882
0.010499177
0.0098493527
0.0093085825
0.011719717
0.012571725
0.011931982
0.011312944
0.011110193
0.010930399
0.010735984
0.010855775
0.011869968
0.011477918
0.012189566
0.012880477
0.011996868
0.011619732
0.011533607
0.012173159
0.011421012
0.010819465
0.010991416
0.010958912
0.011722084
0.010613817
0.010500362
0.010943198
0.01143391
0.010963379
0.013186075
0.01416943
0.014079178
0.012082191
0.011780675
0.011714719
0.01190899
0.012058455
0.011497806
0.012279637
0.012802482
0.012069269
0.012106725
0.011255229
0.01141419
0.012040287
0.011471785
0.011773424
0.012147121
0.012954747
0.013506164
0.013406887
0.01407979
0.012607196
0.013887298
0.014537911
0.012708906
0.011920341
0.012421615
0.013832966
0.013487689
0.013277164
0.012500313
0.012059531
0.011962612
0.013864168
0.01293844
0.011424797
0.012602484
0.015071364
0.014782211
0.012577172
0.013255608
0.01188166
0.013091619
0.014265261
0.013783454
0.01373921
0.012831273
0.013027852
0.014876812
0.013926648
0.013749308
0.014146196
0.014139398
0.012878301
0.012775624
0.013325915
0.013396395
0.012972627
0.013203323
0.01227358
0.011519015
0.012407803
0.01209671
0.012048317
0.012130903
0.011741503
0.011738878
0.012271386
0.01281916
0.012147893
0.012263866
0.011718457
0.011518896
0.013396699
0.014120619
0.014540258
0.013845047
0.013722822
0.012961782
0.012821708
0.013182512
0.013301904
0.013324107
0.014120187
0.013411068
0.013879144
0.013335046
0.013360595
0.014151647
0.013592642
0.013522897
0.013043296
0.012158499
0.011757383
0.010942034
0.010928971
0.011035038
0.010792054
0.011383837
0.012476092
0.011951713
0.013327939
0.013339665
0.01239695
0.013698648
0.012353516
0.012777175
0.013866615
0.012595902
0.012206011
0.012502337
0.011988411
0.012649173
0.013439049
0.012486259
0.010715774
0.011682812
0.012036376
0.01162285
0.01165184
0.011235285
0.011813625
0.013027059
0.012559059
0.013601142
0.013880323
0.014243418
0.013794453
0.013228267
0.014169471
0.012415419
0.012943314
0.012332069
0.012018991
0.012876304
0.012582496
0.012936635
0.012587064
0.01392159
0.012528211
0.012805866
0.012104063
0.012023201
0.013067653
0.013534385
0.013796016
0.013584993
0.014412708
0.013617069
0.012361067
0.012001064
0.012727707
0.013360129
0.011735711
0.011734212
0.011473253
0.011497319
0.012743734
0.011789982
0.012802142
0.012331676
0.014569462
0.013919689
0.013386854
0.013255814
0.013269078
0.014107461
0.012493048
0.01257434
0.01315804
0.012789521
0.012744758
0.012821671
0.012475831
0.011663959
0.012109964
0.01260266
0.01194275
0.013304114
0.01350012
0.012461892
0.01195254
0.011637996
0.010662646
0.011399737
0.011617643
0.01241197
0.012127431
0.011893483
0.011072304
0.011620122
0.011927792
0.012474324
0.012730642
0.012608822
0.012066504
0.012103933
0.01091872
0.011081169
0.01081181
0.010870213
0.010791675
0.011554142
0.011943286
0.012967261
0.012223217
0.011918729
0.011913522
0.011985318
0.012485763
0.012136307
0.011953981
0.012990824
0.01276613
0.012652749
0.012764905
0.011813602
0.012394475
0.012348261
0.013600008
0.012224566
0.013662357
0.013104877
0.011773911
0.01191335
0.0114224
0.012023727
0.011915087
0.011633921
0.011610864
0.011617038
0.012550466
0.011916624
0.012154788
0.012485329
0.012720098
0.012607731
0.012148909
0.011813791
0.011093748
0.011398028
0.012775725
0.012649046
0.013175209
0.012712329
0.012328596
0.012775208
0.012527671
0.012301526
0.011383578
0.011423063
0.011618546
0.011927574
0.011810609
0.012130071
0.012091451
0.012705527
0.012511716
0.011614245
0.011642742
0.011865295
0.012626495
0.013057754
0.013205116
0.014280935
0.012864386
0.013292086
0.012759874
0.01174079
0.010788073
0.01132298
0.011590643
0.011539341
0.011151973
0.012161762
0.011835118
0.012893703
0.012240416
0.011584245
0.010490236
0.012062819
0.011400318
0.012590226
0.012428423
0.013051413
0.011578017
0.012672988
0.012675898
0.011593355
0.011907616
0.010747969
0.011496127
0.012385639
0.011944296
0.011588355
0.012637302
0.012472183
0.011897335
0.012832521
0.012562058
0.012661411
0.011644676
0.011089074
0.011151828
0.012091964
0.011189272
0.012024326
0.012089032
0.013236645
0.013676547
0.011552072
0.011026567
0.011597287
0.011635442
0.012338457
0.012970375
0.013334331
0.013795404
0.013655729
0.013439058
0.012839335
0.012477325
0.011145088
0.010569328
0.011026535
0.011928237
0.012107642
0.011269452
0.011980819
0.012155178
0.011174451
0.011289367
0.010887088
0.010482793
0.011635608
0.012542227
0.012302573
0.011424745
0.01208519
0.012701587
0.011634736
0.011132649
0.010828325
0.011752701
0.011435178
0.01147686
0.012559865
0.013007201
0.012291156
0.011545552
0.012173022
0.012747663
0.012330359
0.011608683
0.011882858
0.012306773
0.012333524
0.012555794
0.011714278
0.011113579
0.011100538
0.012376728
0.011569646
0.012754519
0.011251655
0.01210363
0.01298152
0.012155366
0.013153643
0.012042202
0.010759911
0.010887226
0.010688696
0.010673848
0.011267305
0.011217978
0.011458448
0.010919942
0.011015618
0.010698448
0.011172416
0.010481965
0.010761381
0.010927571
0.01098027
0.010309938
0.011816823
0.011932149
0.013218605
0.012399636
0.011560041
0.01120672
0.011737763
0.01150718
0.011282008
0.011016357
0.011484121
0.011456652
0.011576114
0.012003017
0.011733051
0.012735382
0.012434545
0.011089948
0.011701662
0.012808206
0.012464452
0.013289593
0.012545682
0.013305326
0.01200859
0.010876435
0.012842812
0.012854697
0.01424951
0.013829421
0.012272654
0.010996032
0.011230212
0.012326894
0.011507157
0.010764884
0.011759843
0.012874735
0.012437147
0.01335114
0.011388048
0.012116614
0.011194394
0.010776989
0.011055228
0.012305458
0.012436927
0.011711631
0.011869262
0.011907042
0.012059256
0.01240385
0.012080772
0.01192428
0.012353742
0.012664424
0.011553266
0.012334319
0.010903565
0.011927794
0.011937136
0.012063897
0.013285911
0.014361402
0.014039259
0.01251034
0.01232665
0.01160535
0.01041926
0.010822969
0.009982432
0.010215297
0.011571769
0.012610039
0.013122489
0.01304485
0.012536046
0.012400271
0.012369182
0.012048596
0.011965126
0.011292728
0.011659605
0.01205551
0.011802572
0.012508463
0.012265243
0.012143962
0.011821787
0.011570771
0.011845352
0.011935563
0.011246742
0.01175279
0.011354229
0.01160679
0.012984403
0.013640083
0.012957443
0.01197721
0.012562291
0.012468489
0.012544606
0.012594559
0.012050344
0.011485473
0.011091354
0.011319189
0.011061662
0.010880483
0.010522212
0.010762766
0.011457881
0.010624524
0.011246653
0.010781284
0.010442241
0.011490388
0.011234402
0.010149448
0.010791741
0.010775811
0.010478002
0.011126864
0.011064528
0.011178107
0.011538892
0.011039284
0.01184853
0.01149082
0.01101461
0.010607301
0.011293524
0.010808287
0.011252379
0.012762866
0.011794418
0.011062098
0.011078825
0.010344921
0.010271679
0.010712415
0.010281091
0.0096741197
0.011024957
0.010874754
0.011509895
0.012399001
0.011870632
0.011288849
0.012277078
0.012206443
0.012735184
0.012185803
0.012371428
0.011665204
0.011748113
0.01123385
0.011515309
0.010787637
0.010811629
0.010630098
0.010575108
0.011590115
0.011195148
0.011622631
0.012475743
0.013571967
0.01228687
0.011090934
0.011018258
0.011723038
0.011302267
0.010862401
0.011682793
0.012078902
0.012727878
0.012858816
0.012050262
0.011772864
0.011573101
0.011167979
0.012522632
0.013254898
0.012769086
0.012308653
0.01291285
0.011474502
0.011250958
0.011372725
0.011654952
0.011148994
0.01187001
0.012710277
0.013142718
0.011587789
0.01206451
0.011501516
0.011504902
0.011016443
0.011916192
0.01174489
0.011431006
0.01186312
0.011170686
0.010666314
0.011277296
0.013346746
0.012526137
0.012573872
0.012495147
0.012353945
0.012771835
0.012250602
0.012123756
0.011840674
0.012013035
0.011295084
0.011642685
0.012228503
0.012452155
0.012509538
0.012322695
0.012302757
0.012067977
0.012958656
0.012830769
0.012308949
0.012208107
0.013513033
0.012331627
0.011810744
0.012031436
0.012096579
0.011611512
0.011046987
0.013982791
0.013432284
0.013191969
0.01353499
0.012123657
0.01168467
0.010936596
0.011686585
0.012149383
0.01160275
0.011554556
0.010905987
0.012094574
0.011789949
0.012097646
0.011443281
0.011190782
0.010593957
0.010294903
0.010120869
0.010333255
0.011448872
0.011556321
0.012756109
0.013056002
0.014404588
0.013025834
0.012145476
0.011586212
0.010881073
0.011816714
0.011630818
0.012191991
0.013039774
0.01235027
0.013791019
0.012621434
0.011648499
0.01160061
0.011861088
0.013198916
0.012597874
0.012206743
0.011748671
0.010740635
0.011729884
0.011419481
0.011341507
0.011433378
0.011554964
0.01117223
0.011486276
0.011180912
0.010091429
0.011886033
0.013241458
0.011571983
0.011098691
0.010857031
0.012293189
0.011125053
0.013457992
0.012732319
0.012194537
0.012770076
0.012731649
0.011229558
0.01081011
0.011012598
0.011270244
0.010937929
0.012109502
0.011408248
0.010977386
0.011536915
0.011783946
0.013341734
0.013021776
0.012974809
0.01340337
0.012706877
0.012549793
0.011685969
0.011672897
0.012041986
0.011664515
0.01193711
0.012387056
0.01186545
0.011969054
0.011874049
0.011296013
0.011459298
0.012368299
0.011528219
0.011601652
0.011746263
0.010589307
0.011461091
0.011727091
0.011988391
0.010575215
0.010972703
0.01149279
0.011190358
0.011305184
0.012148518
0.012197975
0.012091286
0.011794851
0.012008855
0.011351093
0.010921665
0.011554584
0.011495265
0.012089611
0.011708687
0.012132798
0.011193109
0.01189344
0.011760513
0.011675301
0.011381431
0.010830655
0.010870247
0.012271524
0.011487148
0.01197599
0.012619862
0.011182466
0.011664483
0.011338697
0.011440562
0.011107704
0.011595664
0.01173911
0.01192112
0.011187105
0.012359475
0.011599825
0.013283354
0.012759819
0.01200149
0.011896342
0.011993546
0.01230465
0.01220528
0.012703732
0.012413382
0.011116783
0.012186853
0.012328624
0.012346049
0.012045438
0.011771917
0.013328116
0.014107707
0.013651443
0.013391096
0.012042185
0.011869286
0.010492552
0.010933974
0.010956814
0.011227986
0.01166239
0.011887748
0.011858526
0.012231186
0.011005242
0.011348346
0.011282836
0.010821215
0.010425911
0.010915079
0.012547477
0.013043911
0.011424318
0.012679308
0.013265617
0.012573087
0.011949334
0.011194613
0.010883686
0.011274906
0.012468432
0.012838943
0.012285868
0.011933024
0.012481487
0.01164903
0.011343878
0.011792278
0.012168169
0.012770691
0.013592255
0.012903001
0.012846368
0.012757102
0.011982065
0.011787035
0.012897199
0.012408553
0.01261019
0.012281467
0.012308346
0.013448982
0.012051975
0.012429603
0.013205051
0.011525353
0.010939999
0.011265315
0.011141839
0.011908446
0.014209725
0.012822292
0.011097019
0.013225268
0.01360784
0.011870197
0.010772638
0.010688921
0.010244908
0.010397571
0.010613127
0.011217449
0.011768741
0.011600118
0.011441031
0.012365034
0.012785003
0.01308888
0.012669458
0.011517809
0.012535306
0.01163617
0.010529672
0.010919492
0.011152382
0.011696187
0.011286111
0.012136869
0.011497735
0.01123842
0.010567695
0.010929856
0.011700043
0.011525977
0.010699565
0.011341043
0.011396141
0.010305305
0.010379576
0.010920052
0.012115197
0.012296377
0.011793362
0.013472199
0.012959244
0.012350621
0.013593099
0.012711273
0.013596046
0.012729168
0.011980931
0.01116156
0.011625232
0.011764891
0.01185267
0.011887333
0.011717664
0.01279162
0.013188167
0.011868801
0.011481396
0.012129652
0.012144884
0.013364973
0.011450278
0.01208783
0.011293964
0.01109581
0.01205242
0.012379524
0.011395384
0.013149191
0.013226971
0.011906501
0.010809013
0.011556617
0.012117612
0.011833473
0.012920585
0.012470434
0.011916971
0.012487574
0.012052352
0.012204761
0.011079042
0.011238338
0.010412339
0.011238909
0.011856995
0.011206758
0.011593172
0.011116817
0.011442633
0.011668211
0.012380949
0.012919151
0.012780227
0.012373483
0.011766179
0.011905297
0.012441148
0.011241113
0.011386424
0.011436884
0.012010871
0.011579801
0.012249407
0.012243807
0.012001752
0.011780309
0.010715956
0.011229845
0.010178096
0.011130801
0.012031744
0.01158121
0.012193014
0.01108054
0.010930978
0.01143855
0.01158287
0.01095056
0.011383928
0.011498026
0.010872998
0.011443498
0.011722652
0.012695068
0.012042364
0.012133272
0.011404084
0.011613004
0.012089415
0.012198967
0.010921807
0.011807773
0.011082675
0.012542552
0.012593611
0.013556856
0.013251744
0.012974323
0.011945439
0.011068285
0.012753703
0.012145289
0.012213728
0.01159687
0.010662799
0.010871104
0.011348209
0.011748869
0.012563948
0.012243202
0.012338841
0.012453689
0.010981425
0.011341755
0.012721556
0.013353046
0.013231575
0.013444951
0.013157318
0.012720735
0.012101883
0.011807197
0.010202553
0.010761698
0.011043005
0.010193413
0.010559012
0.010950161
0.011448838
0.011267031
0.011394917
0.010988571
0.010799033
0.01120661
0.012512911
0.013047719
0.01199906
0.012222664
0.012860974
0.011689967
0.010886589
0.011592364
0.012511017
0.011412326
0.01254928
0.011173848
0.012987353
0.012288471
0.011751602
0.011624994
0.011381354
0.011501303
0.011973574
0.011541809
0.011410972
0.012704474
0.011802178
0.012363202
0.013571926
0.011480985
0.011233845
0.011439942
0.011826637
0.01220604
0.011992534
0.012264023
0.012252559
0.011086455
0.009850226
0.010709685
0.010074171
0.011184816
0.011674237
0.010898425
0.010069086
0.00999468
0.010759576
0.010945324
0.010862226
0.010998396
0.011415817
0.010804146
0.011692962
0.011369466
0.010564853
0.010889621
0.010994983
0.010551257
0.010036022
0.010454724
0.011914435
0.011696327
0.012511516
0.012532091
0.011928181
0.014595694
0.014197274
0.012166319
0.011523916
0.01068209
0.010727095
0.010902537
0.013730645
0.013744262
0.013063036
0.012472213
0.012032512
0.012009319
0.011964529
0.01270179
0.012053064
0.011593894
0.012139602
0.011325126
0.011469966
0.011159106
0.011831088
0.011934898
0.011535614
0.01160824
0.011774176
0.012068434
0.011983545
0.012015335
0.010784553
0.011088462
0.010629907
0.011600557
0.011908291
0.011098453
0.012162014
0.011346562
0.011582941
0.011911368
0.012020191
0.01230135
0.013013662
0.013635908
0.012672519
0.012857316
0.012463787
0.011895923
0.01225658
0.011606439
0.011601094
0.012302087
0.011986106
0.011756058
0.011750678
0.011591626
0.010483461
0.010900891
0.010473833
0.011148397
0.011389763
0.010914846
0.010392106
0.011501726
0.011123384
0.011750707
0.012797282
0.012254986
0.011873271
0.010799384
0.010732193
0.010925478
0.011960275
0.011844236
0.011198545
0.012648124
0.013407872
0.012623046
0.011606835
0.010513151
0.011177237
0.011590276
0.012376998
0.011692629
0.011756209
0.011293871
0.010618024
0.010565985
0.011212144
0.011191822
0.010745728
0.011744447
0.010592408
0.011657659
0.011618045
0.011113738
0.012860382
0.011630422
0.011556406
0.010926326
0.011468939
0.012191668
0.011658371
0.011979149
0.012270364
0.012411165
0.013411512
0.013136337
0.011714519
0.012261333
0.011878421
0.01098745
0.011245223
0.011874725
0.01119955
0.011374522
0.010359261
0.011095756
0.011164201
0.011514627
0.011091355
0.011456415
0.012214267
0.012159883
0.011512563
0.011760962
0.012061854
0.011959798
0.012894288
0.01300117
0.012336348
0.012414151
0.01178959
0.011327088
0.011484327
0.011240252
0.011182901
0.012001513
0.011502583
0.012587707
0.013003343
0.012234644
0.012421526
0.012034464
0.011841141
0.011719727
0.012588519
0.012092175
0.010243546
0.011011774
0.011701985
0.011244274
0.011758085
0.01164708
0.011679465
0.011575476
0.010516368
0.011491293
0.011790127
0.011654554
0.011568861
0.010909972
0.010865703
0.011039467
0.011064713
0.011602704
0.010806012
0.011295593
0.010708808
0.010755154
0.010888789
0.011137169
0.012119732
0.011641288
0.011873793
0.01236843
0.011848459
0.012342303
0.011918551
0.011663541
0.012678283
0.011488119
0.011320504
0.011654433
0.012022143
0.011634554
0.01101059
0.012695488
0.010576162
0.010934328
0.011938524
0.011517989
0.011476922
0.011247739
0.011114026
0.011729498
0.010708792
0.01110851
0.01074773
0.011198446
0.012763089
0.012505425
0.011571309
0.011344387
0.011215907
0.011566257
0.01229575
0.01271209
0.01364509
0.013123089
0.0118681
0.012320565
0.012524962
0.011916237
0.013580612
0.012915123
0.013025963
0.012945288
0.01228278
0.011451419
0.01113694
0.011623795
0.011553454
0.012094792
0.012712718
0.012888129
0.012683531
0.012566257
0.012240669
0.011307563
0.0114465
0.011391832
0.011356061
0.01114952
0.011935097
0.012729838
0.011871826
0.011971012
0.011104415
0.011634517
0.011460787
0.010531869
0.010438218
0.010170929
0.010757522
0.011659654
0.011277658
0.012316399
0.013206976
0.013076491
0.012378636
0.011954308
0.011426802
0.011383163
0.012207385
0.011845997
0.011966313
0.013430531
0.013018528
0.012687105
0.011176404
0.012426267
0.012244744
0.011492033
0.012049523
0.01179563
0.011966116
0.012324957
0.012077019
0.012097672
0.011232036
0.010775534
0.011622202
0.010731283
0.01127594
0.010918048
0.011686119
0.011743497
0.012466819
0.012497178
0.013003337
0.011572926
0.012026829
0.011700775
0.012762727
0.01156482
0.012588839
0.01229679
0.011354715
0.012092403
0.011616015
0.011817143
0.012017199
0.011729205
0.011080355
0.011856875
0.012704492
0.012810908
0.012237774
0.012303666
0.011631887
0.011122741
0.012273949
0.011200052
0.011536092
0.011563318
0.012104865
0.012378036
0.010958175
0.010682797
0.011067084
0.011073837
0.011667507
0.012195857
0.012239299
0.011938398
0.011830211
0.01163051
0.012286718
0.011387484
0.010157047
0.010922593
0.012056509
0.011974434
0.011377661
0.011212044
0.011343872
0.010490414
0.010767413
0.01213816
0.011198881
0.01101646
0.012041003
0.011673117
0.011723827
0.012107266
0.011669248
0.012997709
0.011515917
0.012116769
0.012519086
0.011964305
0.011502246
0.010917893
0.0099789798
0.010484448
0.011082049
0.011922678
0.011295984
0.011657459
0.011917405
0.012176957
0.012846019
0.011714452
0.012362575
0.012119574
0.01113201
0.011395625
0.012087471
0.011999992
0.013481454
0.012967329
0.012912924
0.01205744
0.011947974
0.011356714
0.01116815
0.013214235
0.012908205
0.012090644
0.012798842
0.012553274
0.012349345
0.012557779
0.012300686
0.012670677
0.013413876
0.01293579
0.0115184
0.011597495
0.011361538
0.011305826
0.011083013
0.01241241
0.011962103
0.010915834
0.012390175
0.011887197
0.011895611
0.014478217
0.014608307
0.013858938
0.013111
0.012307725
0.011893742
0.011573367
0.010623098
0.01093333
0.0111829
0.011085042
0.011210759
0.011982954
0.012383525
0.013187661
0.014963037
0.013243297
0.01254443
0.012092875
0.013517365
0.012479257
0.012228676
0.012494553
0.012450911
0.012197935
0.012356408
0.011439579
0.012534574
0.012258225
0.01231513
0.012452624
0.011623812
0.011849493
0.011971379
0.013380637
0.013518452
0.012661295
0.013059192
0.012088025
0.011693895
0.011818921
0.012471689
0.012750019
0.011767322
0.010837227
0.010910072
0.011176567
0.010546205
0.011338067
0.012764368
0.011601058
0.012576277
0.012942319
0.012311704
0.011930499
0.012818963
0.011173815
0.011903753
0.011732479
0.012218804
0.0124728
0.011307534
0.011708307
0.011911034
0.012282791
0.011873309
0.011921127
0.012625788
0.011922956
0.012893044
0.012961077
0.012342188
0.012154607
0.01158739
0.012633447
0.011671652
0.01132659
0.011708686
0.011735332
0.010834925
0.012156349
0.013127423
0.014391717
0.014527641
0.013169805
0.012518561
0.010839846
0.010190885
0.010739858
0.010864261
0.011481096
0.010935525
0.011385433
0.01306112
0.012529626
0.011638455
0.012151053
0.014053057
0.012742753
0.013066032
0.011928709
0.012052855
0.012328987
0.01256513
0.013700465
0.012138333
0.011531841
0.011945652
0.012022081
0.01226779
0.012123275
0.011651232
0.011272413
0.011827883
0.011215739
0.012348226
0.011646529
0.011757169
0.01199864
0.012434703
0.011749437
0.012203389
0.012086751
0.010934347
0.011211822
0.011984359
0.011371887
0.010885649
0.011797073
0.012156976
0.012650998
0.011832943
0.011713403
0.012123658
0.011572779
0.012221344
0.011984239
0.012277306
0.011538035
0.011103982
0.011716083
0.011952825
0.01137268
0.011272873
0.011084843
0.010872906
0.010641332
0.010783393
0.01065468
0.010850414
0.011212363
0.010714196
0.010231058
0.011265691
0.01176012
0.012933656
0.013995431
0.012985645
0.012277364
0.011672553
0.011787978
0.012265697
0.012714688
0.012077532
0.012244448
0.011901013
0.011724296
0.011073791
0.01118043
0.011249547
0.011911925
0.010727995
0.01190039
0.01278153
0.012493143
0.012055008
0.011741744
0.01136453
0.012057584
0.012018089
0.0109263
0.011780398
0.013102401
0.013120068
0.013134724
0.013750007
0.012492623
0.011073016
0.010729696
0.011560823
0.011498437
0.01111486
0.010936877
0.011458653
0.011213123
0.011612829
0.011941064
0.011410345
0.012665434
0.013396301
0.013272189
0.012197581
0.013143711
0.011286606
0.011702765
0.012525639
0.011998397
0.011738593
0.011657688
0.011148497
0.01174083
0.011988899
0.012316623
0.013013901
0.012694841
0.013154979
0.012971674
0.012661163
0.012999843
0.014192591
0.012671419
0.010625078
0.012092284
0.011434933
0.012073425
0.013156316
0.012992987
0.012316778
0.013013838
0.011722071
0.012471178
0.012967311
0.012993226
0.012977355
0.012290653
0.01197173
0.011869592
0.011431842
0.012968678
0.012711261
0.01239971
0.011961767
0.01121802
0.010716006
0.011066963
0.010839049
0.011024407
0.012630592
0.0118324
0.01164447
0.011794994
0.012814618
0.012070952
0.012043122
0.01227312
0.013253048
0.013429528
0.011310095
0.011763545
0.011466522
0.011234369
0.011050624
0.010296646
0.010407064
0.010853451
0.010979486
0.012897793
0.012893509
0.012082711
0.011665063
0.011731361
0.012390094
0.013229454
0.012457423
0.01209138
0.011644383
0.011171042
0.010685529
0.011471334
0.010894008
0.011864837
0.011087595
0.011874848
0.011853901
0.011329703
0.010403532
0.010999548
0.011145049
0.012205219
0.012463281
0.012619003
0.01404257
0.01189156
0.01067738
0.011147084
0.011797507
0.011633799
0.012323196
0.011994414
0.012362577
0.012666454
0.011822071
0.012182934
0.012238395
0.012534888
0.012651115
0.012742138
0.012126522
0.012366793
0.012673031
0.011617969
0.012157166
0.012485802
0.012633359
0.01163896
0.011554167
0.012742896
0.012141041
0.011798483
0.010730622
0.011660526
0.013432371
0.013465615
0.0131871
0.012307495
0.011949195
0.012397362
0.011837582
0.012125618
0.012593718
0.013094322
0.011439768
0.011526629
0.011993447
0.012444133
0.012412199
0.01151209
0.012072956
0.012122745
0.012614096
0.011283355
0.010913825
0.011078852
0.011854413
0.011830115
0.011986594
0.012065545
0.013222234
0.012606024
0.012735388
0.012629217
0.0124314
0.013498109
0.012726679
0.012537849
0.010694642
0.011348267
0.010339328
0.010706681
0.010653984
0.011452093
0.011345828
0.012044378
0.010919719
0.011687028
0.011503308
0.01212679
0.011880061
0.01174744
0.011232291
0.011029843
0.011453795
0.010999787
0.011244364
0.012392976
0.012518224
0.011571639
0.01138129
0.011413227
0.012661122
0.012712718
0.011545759
0.01182779
0.011387112
0.011761993
0.011399004
0.011250438
0.01184998
0.011505588
0.013110584
0.011928436
0.012139612
0.011144843
0.010748323
0.011081277
0.010700149
0.012019115
0.013218692
0.011837457
0.012409154
0.012510183
0.011198765
0.011331735
0.011415599
0.011048618
0.011746918
0.010722048
0.011289704
0.011671901
0.012500832
0.012451239
0.011814006
0.011624743
0.013382092
0.012418287
0.01178032
0.011601009
0.01105919
0.012099931
0.011689584
0.011794564
0.011251203
0.010614942
0.011143891
0.010849981
0.010227805
0.011285658
0.011083738
0.010669707
0.01090518
0.010762627
0.010554722
0.010069637
0.010766484
0.013537222
0.014330487
0.013764396
0.014570588
0.01346508
0.012564962
0.012027474
0.011253802
0.010994671
0.011814867
0.011452194
0.011912427
0.011950171
0.011686847
0.012581924
0.012220042
0.011829908
0.012028988
0.011343534
0.011341503
0.011576701
0.010916487
0.011548315
0.011666808
0.012511386
0.012770657
0.012663416
0.013660197
0.011977905
0.010836557
0.011252792
0.011666181
0.012377119
0.012682702
0.011639537
0.013398179
0.012858444
0.012456134
0.012206271
0.011785316
0.012310905
0.012143417
0.01076864
0.012795456
0.011882696
0.011511875
0.013478233
0.012449665
0.012991087
0.012277598
0.011679774
0.011166095
0.011656891
0.011039249
0.011465111
0.012586925
0.012247784
0.011555179
0.011649567
0.011476182
0.013120219
0.012099388
0.011824503
0.011565675
0.011833119
0.012098828
0.011877449
0.012405188
0.012945511
0.012588948
0.012323737
0.012351458
0.011901971
0.011350023
0.011761076
0.011492369
0.01150587
0.01181444
0.010917102
0.010472099
0.010199961
0.010063624
0.010596079
0.010832518
0.011214466
0.011932288
0.012772906
0.012692165
0.012335522
0.012171586
0.013836631
0.013136384
0.01156512
0.011404444
0.0113886
0.011928794
0.011563041
0.011726059
0.011342968
0.010982602
0.011768016
0.011628894
0.010857689
0.010162404
0.010916317
0.011916406
0.01252426
0.013009915
0.013025937
0.012837676
0.012970867
0.012940499
0.012394388
0.012019317
0.01146972
0.011831838
0.011943806
0.010925017
0.012397537
0.011552863
0.012415487
0.011916659
0.011602127
0.011193022
0.012174988
0.012275956
0.013000576
0.01297514
0.01306036
0.012146511
0.011880224
0.011400938
0.011525736
0.011328749
0.011290812
0.01310799
0.012662434
0.011730792
0.012764044
0.013173203
0.011803646
0.01073183
0.011915476
0.011933841
0.012266964
0.01201204
0.011655924
0.012530018
0.011670153
0.012028317
0.010997007
0.011682554
0.011535629
0.012944792
0.013282545
0.012647847
0.01178188
0.011976531
0.013114498
0.012807788
0.012432158
0.012599427
0.011415261
0.011745196
0.010519572
0.011328338
0.011469476
0.01123219
0.011695364
0.011550472
0.011508883
0.010576334
0.01143698
0.012449859
0.01293383
0.012475696
0.012141134
0.012451217
0.013251955
0.012548772
0.012549688
0.011493427
0.011510639
0.010942996
0.011733808
0.012579384
0.012386915
0.012834677
0.013316878
0.012760431
0.01319549
0.012098923
0.011944052
0.012126389
0.010547502
0.010626779
0.010204163
0.01117924
0.010608764
0.010722007
0.011574635
0.011692112
0.011222293
0.011623847
0.012621814
0.01219112
0.011477936
0.01170643
0.011212884
0.010683477
0.011613835
0.010986156
0.011972602
0.011722564
0.013097171
0.01169479
0.011780015
0.011204686
0.010897885
0.011042504
0.011636922
0.012715733
0.012753005
0.013017347
0.012961756
0.013462217
0.013285284
0.012112726
0.012316304
0.012827831
0.01253257
0.011542103
0.01213654
0.0112785
0.011747638
0.012036039
0.012346326
0.011080443
0.011795012
0.011334487
0.011445876
0.01159091
0.011447196
0.011629568
0.012338269
0.012975113
0.012015664
0.011192144
0.011938938
0.012178609
0.012912926
0.011497924
0.011033447
0.01133634
0.011710701
0.012282289
0.011196909
0.012647478
0.01288509
0.013261423
0.013974778
0.014349122
0.012768022
0.011805001
0.01153476
0.011423036
0.011382477
0.011466624
0.011435848
0.011649257
0.011888538
0.011670774
0.011022359
0.01012152
0.01079086
0.010188642
0.01022311
0.010471808
0.011905615
0.011825288
0.012460943
0.01203792
0.012303686
0.012068198
0.011775325
0.011295136
0.011034747
0.011411487
0.01133777
0.012183266
0.012546919
0.012195799
0.012329036
0.01181818
0.011720536
0.011401184
0.011907093
0.012004714
0.012815276
0.012564265
0.01201809
0.012510461
0.011751109
0.011697391
0.010269029
0.010814442
0.011690129
0.012188704
0.012284253
0.013087994
0.012690132
0.013685408
0.012486824
0.011356955
0.011273867
0.011889291
0.011994022
0.012211941
0.011640482
0.012085379
0.011188691
0.011179303
0.011891948
0.012259054
0.013168491
0.012321892
0.011875573
0.010835843
0.011241565
0.011631541
0.01157713
0.011492868
0.011670733
0.011936913
0.012310033
0.012349626
0.011515738
0.011192813
0.011653473
0.013804459
0.013175144
0.01321871
0.011956438
0.011275138
0.012078959
0.01141627
0.011829435
0.01322322
0.012404795
0.013084658
0.012206165
0.011345797
0.012672786
0.012452553
0.01334703
0.013086271
0.012251997
0.011479824
0.010997052
0.011338876
0.013158906
0.011990528
0.013353041
0.012628196
0.011915349
0.012047882
0.011326543
0.010997458
0.010864425
0.011311073
0.011283718
0.013090808
0.012863042
0.011711881
0.011483171
0.01005979
0.011515237
0.011838904
0.011263607
0.011816288
0.011092192
0.011647318
0.012242607
0.012795328
0.012599312
0.012012291
0.011373893
0.011296205
0.011259351
0.01038593
0.011114777
0.011511106
0.011402686
0.012204017
0.012248831
0.011352211
0.012268526
0.012133095
0.012335108
0.012931277
0.012812318
0.011898668
0.012106585
0.011689122
0.011449123
0.011158182
0.011185347
0.010986938
0.011733527
0.012063995
0.011935213
0.011766342
0.011846158
0.011369878
0.011320299
0.011241266
0.011912055
0.011902584
0.012339003
0.011785061
0.013024031
0.012182426
0.012776105
0.012415541
0.01234614
0.011993771
0.011413038
0.012223914
0.013231848
0.012332768
0.013472659
0.013140543
0.012851027
0.012479413
0.012422769
0.014944322
0.012788875
0.013807998
0.012358234
0.012000075
0.0118347
0.011129398
0.011940418
0.011276633
0.011664394
0.012914079
0.011178824
0.011299402
0.011422789
0.011482353
0.013228069
0.013574636
0.012961553
0.012848647
0.012316553
0.011499869
0.011832944
0.011939882
0.012522199
0.011122296
0.011725913
0.011183119
0.010714675
0.011374129
0.011730666
0.012349216
0.011544019
0.01119299
0.0119788
0.011650559
0.013229035
0.012826802
0.012164556
0.012341439
0.012159974
0.011935403
0.012037486
0.0115788
0.011174494
0.011687847
0.010963779
0.01111213
0.011849298
0.012074639
0.011977396
0.012016482
0.011133557
0.012320852
0.011422245
0.011264359
0.012156655
0.011486177
0.013338843
0.012061087
0.012261339
0.011486594
0.010877887
0.010604636
0.010504205
0.010232933
0.0108108
0.012662032
0.013737587
0.012431325
0.012077631
0.011990383
0.012088252
0.010704992
0.010425106
0.011114727
0.011427417
0.012020194
0.012107092
0.01214121
0.013772288
0.012689222
0.012853031
0.012129609
0.01144555
0.010240931
0.011632701
0.011558639
0.012461249
0.010947851
0.010979423
0.011423302
0.01136311
0.012187432
0.012268666
0.012934101
0.012458854
0.012495843
0.01306782
0.01257216
0.012904563
0.011874322
0.012225296
0.012805824
0.011631473
0.013296274
0.0113993
0.010707618
0.011745897
0.01201833
0.012201507
0.013058239
0.01166787
0.011166979
0.011658794
0.011559629
0.011745418
0.01165563
0.012580385
0.012077101
0.011957862
0.012737633
0.012574636
0.012091784
0.011764506
0.01160394
0.011606711
0.012014495
0.011697668
0.011607697
0.011428268
0.011744723
0.011146583
0.010887514
0.011011369
0.010750413
0.011719917
0.011624047
0.01150538
0.011496355
0.010533538
0.010828885
0.011006505
0.010841257
0.012440737
0.012377523
0.012505894
0.013242395
0.011749507
0.012074975
0.012308301
0.012705089
0.012394417
0.011917419
0.012854971
0.012977777
0.012321102
0.012026512
0.011687088
0.011501997
0.012043647
0.012476718
0.012160703
0.011114012
0.011744347
0.011270596
0.011270446
0.011854376
0.011460822
0.011024208
0.011999987
0.012708038
0.013357623
0.014323773
0.013729599
0.011596169
0.012013359
0.011791896
0.011730502
0.012279192
0.011707622
0.010873944
0.01179906
0.01215227
0.012367222
0.010806941
0.011458488
0.010796482
0.011023107
0.011211909
0.012017463
0.012730458
0.013803904
0.012043676
0.012548574
0.012680187
0.01156265
0.011351345
0.011851703
0.012041054
0.012696114
0.011973541
0.011836787
0.011456379
0.012311888
0.012358818
0.012437336
0.013081991
0.012217724
0.011441449
0.011506387
0.012217697
0.012304987
0.01248357
0.011603948
0.011195946
0.010375657
0.011148098
0.011239495
0.010861096
0.01159583
0.010926239
0.01123675
0.011968908
0.011222134
0.011509297
0.012020253
0.012806559
0.013126286
0.013393413
0.013931509
0.013662947
0.013414172
0.014044315
0.012847669
0.013093217
0.012105113
0.012090808
0.012943595
0.012512792
0.013851713
0.013954774
0.012494641
0.011705491
0.010753664
0.01024084
0.010766671
0.010535231
0.010296415
0.010430938
0.010306747
0.0096007535
0.010917854
0.010406149
0.010702465
0.011794543
0.010850377
0.010648738
0.011936901
0.012017359
0.013276136
0.013073022
0.012614709
0.011038224
0.010701891
0.011000807
0.011466784
0.011423992
0.01175655
0.011708367
0.011722588
0.012546336
0.012401181
0.012031735
0.01146248
0.011790414
0.011177739
0.011259795
0.012591384
0.012868173
0.012489076
0.011628243
0.011473052
0.011239358
0.010917899
0.011820106
0.011780608
0.012181126
0.012024447
0.011443247
0.011912972
0.011082462
0.011288742
0.01036844
0.010976586
0.011066111
0.011048334
0.010949003
0.011426903
0.011827913
0.011444625
0.011580802
0.01139386
0.012155887
0.011899617
0.011985523
0.012160115
0.010791024
0.011193407
0.011550121
0.012130306
0.013453477
0.011529182
0.011086189
0.011829703
0.013137565
0.012411546
0.011514496
0.011733535
0.012366384
0.012233033
0.011929074
0.011589662
0.012564888
0.012114725
0.011398266
0.011751471
0.011373099
0.010584905
0.0104039
0.0096409264
0.0095169796
0.0096291441
0.0097354151
0.010256263
0.010758109
0.012404638
0.012973675
0.012948136
0.012729622
0.013131006
0.01213227
0.012574011
0.01223293
0.01264735
0.011579637
0.011862849
0.011674085
0.010848257
0.01034099
0.01010719
0.010255278
0.010961073
0.012041539
0.012373637
0.012563814
0.010877137
0.011140492
0.011407151
0.011978554
0.012753542
0.01198921
0.01283783
0.01417642
0.013280757
0.013179225
0.012533124
0.012056984
0.012105056
0.011780569
0.01241681
0.010883882
0.011435711
0.012034914
0.010997263
0.011017576
0.011277237
0.012206364
0.012342153
0.011426783
0.011818642
0.011909623
0.011890655
0.011590157
0.011254325
0.012108069
0.011366445
0.012792307
0.012670847
0.012377337
0.012168831
0.01093472
0.013389735
0.01416466
0.012960019
0.011439554
0.011999038
0.011732605
0.010937057
0.010989218
0.010394358
0.0093434225
0.01028032
0.010602674
0.011876541
0.010846492
0.011087146
0.010828615
0.010482135
0.011083235
0.010177433
0.010221378
0.010378053
0.012153937
0.012808885
0.01216055
0.013156809
0.011293281
0.010844665
0.011002344
0.01063337
0.011693504
0.011408988
0.011698673
0.011297791
0.011001712
0.011138412
0.010963223
0.012243238
0.012181062
0.011691759
0.011148234
0.011320823
0.010419555
0.011633734
0.010805354
0.011770867
0.012221446
0.011655401
0.012321506
0.011473857
0.011137077
0.011985965
0.012697889
0.012659108
0.012414185
0.012497231
0.012541923
0.012412502
0.012966365
0.012823819
0.013814984
0.012898302
0.013229543
0.013587199
0.012590648
0.011295257
0.010884156
0.011338599
0.01154628
0.011018392
0.010928972
0.012218571
0.012553301
0.012890421
0.012858466
0.012292907
0.012049849
0.012222175
0.012897968
0.011866877
0.012256677
0.011202812
0.011579351
0.010965897
0.011343794
0.010990938
0.011422584
0.011496699
0.011245248
0.011367973
0.01149504
0.011371009
0.010480831
0.010430084
0.011595336
0.011496109
0.012160281
0.01143534
0.011621493
0.012389222
0.01139555
0.011993694
0.012085445
0.012936601
0.012634078
0.011852726
0.011447661
0.011327484
0.011102725
0.010994053
0.011750788
0.010903539
0.011920272
0.011835774
0.01159878
0.012583687
0.012030609
0.012269283
0.011961255
0.011594788
0.012598708
0.01161269
0.011031879
0.011566957
0.011521102
0.011040192
0.011263719
0.012251751
0.01152428
0.010701239
0.011086303
0.010792932
0.012116804
0.011748653
0.012430169
0.011658651
0.012590943
0.012177495
0.01311017
0.012291674
0.012753961
0.012242298
0.01138009
0.012597931
0.013530453
0.013149863
0.01214983
0.012528188
0.012537114
0.013227456
0.012459589
0.011881427
0.012107421
0.011489019
0.0115374
0.011071653
0.010871079
0.011959585
0.012067567
0.011766543
0.011147681
0.011017877
0.011752581
0.011211309
0.012552562
0.012917275
0.013262261
0.012697354
0.012341473
0.012113535
0.01189845
0.011454124
0.011494374
0.011901716
0.01225336
0.011666744
0.011934889
0.011936788
0.012638035
0.012952478
0.012724147
0.011593211
0.011275004
0.011310868
0.011266528
0.012819648
0.012512368
0.01260915
0.012571316
0.012692686
0.011178689
0.013324835
0.011642402
0.011176768
0.010562535
0.010237962
0.010553772
0.01072928
0.011521154
0.012798198
0.015105363
0.013740312
0.012461267
0.011398507
0.010921946
0.012396622
0.011887288
0.012523357
0.012028933
0.012909774
0.013321312
0.011936224
0.011258542
0.011175421
0.011081543
0.01107118
0.011502706
0.011242806
0.01056426
0.011462662
0.011526612
0.011610641
0.01102538
0.01167681
0.012118299
0.012123285
0.010521765
0.012297619
0.01284261
0.012106651
0.011455123
0.011902756
0.014124785
0.014515207
0.014425782
0.013720037
0.013515147
0.014142132
0.012818734
0.012540747
0.011381403
0.011544089
0.010615563
0.010878089
0.011313346
0.011497792
0.011296155
0.011273431
0.011110907
0.010519086
0.010999608
0.011249551
0.010941072
0.011957835
0.01160692
0.011974275
0.011390695
0.011600063
0.010548238
0.011161049
0.011486986
0.011756282
0.011951022
0.012191954
0.011339387
0.011710881
0.010680677
0.011088829
0.011266588
0.011603668
0.010649131
0.010432169
0.01119086
0.011688742
0.011304114
0.012871958
0.012900963
0.01283679
0.012526786
0.011720134
0.011534848
0.011902741
0.011432054
0.012142228
0.011570921
0.011840496
0.011840606
0.011465663
0.011615012
0.011694883
0.012142672
0.011741408
0.012215313
0.011595408
0.011148583
0.010920286
0.010734237
0.010456256
0.010861842
0.011733767
0.011458448
0.012469404
0.012849953
0.012708363
0.012391183
0.011399841
0.01067167
0.010419328
0.010667905
0.0102777
0.012253567
0.011810747
0.010697967
0.011034314
0.010754522
0.011045272
0.01079452
0.011103068
0.01169394
0.011471418
0.011402667
0.01075532
0.011204999
0.011188219
0.011638069
0.010757633
0.0113584
0.011588553
0.011958515
0.012150366
0.011925404
0.010777992
0.011063613
0.010762214
0.011097511
0.010954232
0.0113043
0.011637431
0.011737314
0.011036509
0.011231319
0.011085095
0.012311175
0.012435838
0.011624453
0.011347487
0.011900539
0.011247389
0.010856907
0.010295683
0.011650806
0.011698577
0.011921825
0.012696971
0.01279682
0.012192284
0.013108928
0.012882949
0.013015196
0.013312137
0.012810291
0.012106039
0.011659034
0.011705045
0.010851133
0.012647243
0.011927018
0.011050962
0.011089728
0.011521322
0.010705649
0.010981493
0.011335901
0.010503657
0.010478825
0.011413716
0.012459514
0.013320912
0.01248362
0.011857808
0.012494255
0.011931015
0.010749592
0.011395967
0.010853504
0.011887639
0.011786064
0.012364544
0.01243609
0.012027293
0.01189601
0.011575554
0.011847165
0.012815069
0.011712341
0.011697775
0.013343266
0.012073328
0.012026242
0.012637779
0.013093265
0.012400107
0.011540933
0.012075912
0.012298084
0.013416965
0.01288105
0.012114304
0.011619519
0.011230312
0.010776392
0.011193085
0.011689643
0.012480686
0.011756047
0.011495251
0.011364155
0.011933925
0.012156252
0.01162798
0.010686431
0.011087532
0.011168881
0.011480125
0.012912823
0.014008236
0.013112793
0.012038571
0.011643675
0.011792796
0.01141852
0.011837749
0.011568379
0.012427977
0.011664713
0.011750093
0.011071451
0.010851144
0.011588419
0.011103639
0.011112317
0.011318968
0.011777971
0.012405236
0.013936339
0.012375333
0.011519864
0.011542007
0.012334679
0.011320553
0.011366301
0.012091689
0.011735084
0.01309726
0.01282002
0.012782872
0.01197073
0.011246568
0.011355085
0.010868193
0.010181164
0.010928138
0.011073068
0.01096307
0.011807198
0.011649106
0.012200832
0.011768301
0.012189247
0.012206933
0.012497434
0.011360314
0.012259267
0.013851461
0.011985634
0.012969362
0.011351191
0.012443325
0.01193561
0.011748047
0.011937503
0.012961209
0.012923008
0.012174167
0.011890482
0.011202811
0.011328235
0.011228547
0.011356807
0.012017977
0.012794262
0.012710386
0.01176582
0.01177775
0.011564996
0.01221153
0.012010117
0.011903866
0.012026855
0.012323186
0.012339793
0.011723232
0.012005498
0.012089921
0.011914318
0.012756261
0.01287667
0.01174368
0.010645646
0.011848145
0.010671913
0.010202425
0.011075577
0.010862656
0.011943848
0.012590507
0.012571425
0.014275071
0.013111042
0.013319409
0.013018781
0.011958263
0.012784029
0.011146265
0.011188681
0.011043956
0.01239025
0.011568968
0.011910988
0.01185872
0.012330656
0.012451716
0.011644236
0.011557647
0.011527696
0.012110441
0.011832618
0.011012355
0.010793979
0.010611517
0.010125727
0.011348667
0.012092303
0.011934225
0.012371401
0.012293064
0.012502243
0.011828396
0.011749539
0.013088647
0.012291407
0.012260533
0.011379576
0.011008437
0.011193666
0.012089232
0.013789666
0.013829069
0.016100771
0.014194698
0.013594947
0.012745162
0.012935504
0.01241205
0.014292088
0.014154677
0.014439551
0.013385027
0.012843478
0.011843186
0.011930901
0.012637593
0.011697542
0.011471516
0.011371778
0.010491844
0.010892694
0.011430547
0.011277096
0.011161205
0.011174967
0.010571376
0.010325536
0.011536863
0.011309397
0.011301096
0.012310036
0.011454243
0.010766811
0.010943722
0.011063666
0.011048912
0.012226887
0.012762507
0.011477491
0.012254901
0.012899293
0.01135518
0.010961094
0.010210202
0.010579394
0.01040049
0.011394448
0.012764901
0.011672282
0.012323577
0.012291833
0.011329414
0.011870922
0.011337061
0.011567176
0.01168259
0.011731133
0.010895424
0.010969791
0.011801688
0.011246649
0.012447126
0.012713946
0.013463134
0.012761756
0.013115073
0.011622651
0.011965437
0.011690302
0.011568413
0.010724188
0.011200316
0.010853801
0.010393827
0.010718668
0.011329586
0.012099575
0.011930858
0.010953891
0.011910585
0.013623358
0.012513912
0.012364836
0.01167685
0.011942336
0.011224891
0.01136677
0.011314606
0.011022116
0.011727743
0.011385975
0.010967177
0.012193232
0.011970198
0.011695071
0.012206791
0.012684745
0.012087539
0.011442808
0.012820649
0.013543823
0.012560252
0.013286819
0.011786648
0.011086422
0.011786564
0.012579154
0.013188378
0.011592091
0.011828089
0.012436349
0.01152166
0.011425782
0.01155825
0.011779892
0.011501953
0.011995096
0.012137777
0.011813386
0.012176596
0.011735055
0.011684647
0.012653987
0.011610141
0.010808437
0.01224279
0.012806478
0.012229521
0.012761782
0.012103826
0.012274538
0.011570053
0.012160016
0.013897695
0.013546641
0.013097912
0.013122236
0.011667895
0.012466867
0.011149452
0.01018479
0.01185408
0.012209246
0.013135791
0.013911924
0.012769756
0.010928938
0.011236572
0.011214141
0.011051203
0.011454952
0.011305586
0.011435378
0.011666739
0.011337213
0.012250813
0.011710013
0.011964645
0.011341024
0.0115275
0.01216916
0.011946004
0.012523038
0.012689562
0.012176237
0.011802433
0.011906002
0.011430855
0.010742451
0.011400271
0.010807828
0.011650034
0.011111696
0.012257978
0.011300788
0.012373461
0.012249362
0.011272856
0.011450176
0.012004124
0.012302546
0.013225074
0.012765019
0.013435419
0.012005692
0.011714207
0.011136139
0.010782416
0.01090133
0.010966442
0.01201952
0.012063789
0.012485288
0.012197965
0.012548133
0.013072805
0.013210365
0.01247793
0.012906432
0.012170594
0.012248315
0.011796478
0.011513402
0.01152346
0.012392972
0.011715002
0.011182792
0.011226593
0.011308229
0.012835072
0.012299472
0.012410085
0.011313261
0.011750171
0.012451334
0.012102406
0.012264161
0.013124535
0.013293935
0.012933854
0.013068267
0.013371293
0.012790671
0.012402683
0.011757814
0.011564728
0.011075483
0.011148279
0.010800612
0.010629253
0.011857154
0.011104533
0.011331482
0.011499001
0.011511867
0.012234387
0.012807324
0.012236268
0.011773141
0.012054753
0.010801285
0.01270225
0.013110799
0.012743912
0.012078507
0.011737742
0.010595235
0.010988041
0.012461998
0.013014492
0.01360065
0.013434227
0.012216919
0.013156912
0.013117882
0.012496477
0.012409414
0.01213178
0.011299486
0.011559081
0.011235148
0.010943509
0.010325205
0.011085597
0.010868303
0.011567745
0.012796202
0.012575923
0.012428619
0.012442722
0.013592122
0.014431344
0.01526519
0.013714789
0.013881787
0.012153919
0.012532935
0.011715747
0.012584362
0.011552977
0.011756175
0.011465378
0.012079515
0.011759391
0.011222488
0.012162973
0.011216957
0.011469031
0.011036684
0.011562236
0.011618962
0.011717634
0.01161021
0.01119522
0.011217785
0.011459309
0.012629794
0.012956372
0.01229476
0.012764502
0.012142853
0.012198203
0.011703428
0.011024126
0.010703275
0.012176064
0.012600677
0.012721687
0.012922058
0.013163424
0.012673845
0.013075556
0.013657663
0.012051174
0.011523734
0.011150769
0.011905963
0.011790239
0.012649331
0.012934429
0.012931151
0.013854774
0.012442471
0.012523601
0.011127266
0.011929838
0.011641385
0.012660829
0.012606342
0.012542835
0.011804368
0.011857296
0.0113307
0.010839259
0.011173826
0.011056599
0.012178297
0.012727591
0.012867313
0.013288118
0.012054115
0.012593474
0.011860336
0.012597547
0.012424216
0.012277512
0.011645191
0.012277914
0.01234854
0.011703471
0.010998884
0.011232027
0.011335106
0.011221719
0.012186843
0.011984961
0.011612431
0.010856732
0.010004018
0.010262019
0.010502613
0.010731974
0.011298034
0.010617705
0.012540152
0.012521196
0.013407987
0.013196965
0.012339921
0.012882675
0.012296789
0.011693038
0.012737257
0.011374888
0.012036634
0.011774321
0.011827658
0.01242093
0.012758097
0.012499082
0.01156947
0.011472984
0.012335453
0.011759733
0.011415492
0.011631665
0.012593184
0.013353862
0.012900697
0.013446306
0.01297241
0.013175862
0.011967288
0.012569756
0.014261344
0.012540695
0.011995651
0.012258459
0.012569597
0.012816422
0.011626346
0.011150988
0.010829312
0.010036576
0.010542618
0.011161099
0.011588607
0.011349311
0.012856743
0.011939331
0.010893256
0.01149906
0.012521511
0.01211407
0.012516461
0.01141836
0.012524212
0.013209026
0.013499484
0.013060662
0.012841469
0.013163393
0.013771729
0.01280172
0.010973069
0.011400457
0.012138067
0.011161293
0.010292318
0.01050858
0.011932512
0.012045259
0.0124437
0.012271748
0.012201187
0.011305009
0.011424737
0.011052753
0.012413898
0.012559129
0.011643972
0.012504288
0.01234109
0.011976598
0.012216589
0.012396478
0.012894613
0.013067336
0.013111234
0.013068446
0.013696005
0.01410232
0.015292792
0.013856339
0.012140611
0.011293982
0.011690461
0.011178225
0.010655809
0.010940384
0.011860263
0.011437885
0.010766413
0.010432921
0.010701671
0.01082039
0.010554259
0.010247542
0.010806515
0.01098398
0.011498284
0.012543715
0.012769265
0.01188749
0.011806469
0.011017926
0.010721211
0.011756916
0.011917758
0.011444759
0.011271465
0.010709449
0.010715984
0.010667888
0.011216606
0.012287256
0.011699249
0.011716466
0.013208311
0.012329587
0.011910717
0.013072534
0.013821436
0.014593799
0.01439304
0.013174444
0.011220394
0.012092837
0.012632844
0.011052985
0.010814181
0.01161761
0.012260949
0.012992887
0.011723401
0.011666771
0.01284607
0.012307504
0.012578687
0.011768104
0.010928246
0.011497393
0.012141112
0.012525276
0.012662466
0.011132935
0.010551796
0.011065682
0.011275955
0.011399397
0.010844451
0.011290413
0.01048536
0.010608688
0.010749147
0.010530718
0.010665958
0.011180566
0.011686651
0.012061792
0.011535767
0.011939628
0.011864573
0.01066405
0.012226337
0.011104207
0.010604315
0.01222253
0.012151359
0.012135603
0.011257601
0.013251628
0.013078844
0.013355617
0.011703403
0.0102396
0.010268442
0.01012262
0.0099300724
0.010852537
0.012049997
0.012202254
0.013169323
0.012137734
0.012966046
0.01279168
0.012785886
0.012790577
0.011970711
0.012076978
0.011232476
0.011545225
0.012175035
0.012151785
0.012287306
0.011584817
0.010983343
0.010937818
0.011342087
0.011550412
0.011294003
0.012120212
0.013132151
0.015008834
0.013842401
0.012979806
0.012541963
0.012735547
0.011981186
0.011405931
0.010926483
0.011105589
0.011665965
0.012119739
0.012747923
0.011839413
0.01196579
0.010985764
0.010933678
0.011507891
0.01240188
0.012195534
0.011729787
0.012991672
0.013966516
0.011932046
0.011030004
0.011072982
0.011073478
0.011830345
0.011721384
0.012068686
0.01229542
0.012166944
0.011435783
0.01233704
0.012189148
0.01147436
0.011211068
0.010711496
0.010918493
0.011459486
0.011329823
0.011549681
0.012538737
0.011905716
0.011653012
0.011888463
0.012707051
0.013846153
0.0123868
0.012816752
0.013499001
0.012607863
0.011642946
0.011418342
0.011071896
0.011738087
0.012006267
