0.0011851954

0.00033662421
0.00022821379
0.00018125451
0.0001603966
0.00014329274
0.00013818842
0.00010610636
0.00011046945
9.924501e-05
0.00010446756
9.379476e-05
0.00010063615
9.0397204e-05
9.9653044e-05
8.581255e-05
9.5631561e-05
7.8477108e-05
9.0994239e-05
7.1524817e-05
9.1325401e-05
6.7022028e-05
9.1514697e-05
6.4396313e-05
8.9947688e-05
6.1590007e-05
0.00010232643
6.8893021e-05
9.747598e-05
7.3857551e-05
8.9283244e-05
7.2909302e-05
8.5438205e-05
7.4915264e-05
8.3662081e-05
8.1557462e-05
8.8001779e-05
8.8601602e-05
9.1634806e-05
9.6302845e-05
9.8724263e-05
0.00010670772
0.00010375549
0.00010997279
0.00010148431
0.00010825137
0.00010169864
0.00010909958
0.00010585517
0.0001155725
0.00012082564
0.00013002764
0.00015301559
0.00018596982
0.00018573573
0.00017078453
0.00016030771
0.00014271689
0.00014214628
0.00013874367
0.00014224305
0.00014035038
0.00013832861
0.00013737135
0.00013924339
0.00013984716
0.00014709205
0.00013911035
0.00014630933
0.00014168406
0.00015387802
0.00015114355
0.00016445274
0.00015459643
0.000164602
0.00015797506
0.00016479258
0.00015757762
0.00015564948
0.00013973526
0.00014351166
0.00013502364
0.00014320132
0.00013427832
0.00014671027
0.00014013778
0.00015814062
0.00015149651
0.00016315875
0.00015307253
0.00015561962
0.00013922365
0.00014411897
0.00013286745
0.00014738916
0.00013895473
0.00014806031
0.0001344976
0.00014785516
0.00014218822
0.0001463655
0.00013076396
0.00013651659
0.00013101704
0.00013479222
0.00012247426
0.00013027974
0.00012285006
0.00013351954
0.00012431607
0.0001266427
0.00011830832
0.0001301871
0.00012169577
0.00013296286
0.00012312802
0.00013415222
0.00012185259
0.00012813903
0.00012291885
0.00012692416
0.00012001413
0.00012701554
0.00011842469
0.00013025786
0.00011935667
0.00012056865
0.00011020661
0.00011039463
0.00010190701
0.00010874619
0.00010040608
0.00011154766
0.00010419745
0.00011246431
0.00010528012
0.00010949813
0.00010370295
0.00010611771
0.00010153507
0.00011573391
0.00011573331
0.00011999957
0.00010925601
0.00012427758
0.00012255037
0.00011640528
0.00010496226
0.00010292766
9.4572491e-05
0.00010225013
9.9718012e-05
0.0001128362
0.00010782132
0.00011278149
9.8086802e-05
0.00010946182
9.9859944e-05
0.00010859378
0.00010338749
0.00010435654
0.00010108359
0.00010676917
0.00010179854
0.0001139677
0.00010704524
0.0001043154
9.5118766e-05
9.4222579e-05
9.0052813e-05
9.4765942e-05
8.7308897e-05
9.4960452e-05
9.1349566e-05
9.8985521e-05
9.5005803e-05
9.7561755e-05
9.2900541e-05
9.6235762e-05
9.1526856e-05
9.7859424e-05
9.3510711e-05
9.9299664e-05
9.8901169e-05
0.0001057008
0.00010137528
0.00010095281
9.93037e-05
9.9073072e-05
9.3742026e-05
0.00010199102
9.6647676e-05
9.306763e-05
8.643427e-05
8.8745243e-05
8.457978e-05
9.1559906e-05
9.4497212e-05
0.00010748875
9.8597015e-05
0.00010365822
0.00010324566
0.00010083074
9.4763089e-05
9.9414372e-05
9.2997762e-05
9.4610888e-05
9.5206922e-05
9.6511098e-05
9.2690133e-05
0.00010494767
9.1796164e-05
0.00010025759
8.9911473e-05
9.3909806e-05
8.8012643e-05
9.269601e-05
9.0254623e-05
9.5936025e-05
9.6283888e-05
0.00010053152
9.4902544e-05
9.5798082e-05
9.3866741e-05
9.2978711e-05
9.0725218e-05
9.9067007e-05
9.7609919e-05
0.00010438605
9.8555936e-05
0.0001037164
0.00010031317
9.6169988e-05
8.8804399e-05
9.5978032e-05
8.704849e-05
8.2938217e-05
8.1044142e-05
9.3564063e-05
8.8572662e-05
9.8738357e-05
9.7737495e-05
9.0519442e-05
8.4734501e-05
8.2699458e-05
8.4902657e-05
9.1241503e-05
9.1521349e-05
0.0001024003
9.8708995e-05
0.00010303155
0.00010750689
9.6692476e-05
9.363154e-05
8.9721496e-05
8.7541701e-05
8.9622837e-05
8.8087242e-05
9.6474764e-05
0.00010208428
0.00010289356
9.8338576e-05
9.8570335e-05
9.2227522e-05
9.7707227e-05
0.0001028997
0.00010192467
9.8656565e-05
0.00010649225
0.00010091382
0.00010476412
9.5887951e-05
9.4379433e-05
9.6562367e-05
9.2897073e-05
8.8493512e-05
9.471163e-05
9.6628892e-05
0.00010090526
9.7683864e-05
9.6741413e-05
9.1595769e-05
9.4029346e-05
9.1983194e-05
0.00010265834
9.5306462e-05
0.00010611069
0.00010219146
0.00010101126
9.4946913e-05
8.8887026e-05
8.262415e-05
8.8113395e-05
8.8658415e-05
9.1434225e-05
8.8351412e-05
0.00010055386
9.7810722e-05
0.00010281677
9.4837738e-05
0.00010611069
0.00011376873
0.00012108096
0.00011094545
0.0001076377
9.9882198e-05
0.00010286542
0.00010090773
0.00010735745
9.6156186e-05
9.7646236e-05
9.3659365e-05
9.2948159e-05
8.6218863e-05
9.4763289e-05
9.0402046e-05
9.9929793e-05
0.00010126659
0.00010120215
9.6465983e-05
9.7814198e-05
9.2096382e-05
9.9821529e-05
9.1950352e-05
9.6598676e-05
9.4945658e-05
0.0001042248
0.00010104433
8.7561731e-05
9.55852e-05
9.3626457e-05
9.041009e-05
9.9032579e-05
9.4228568e-05
0.00010046409
0.00010110149
0.00010687216
0.0001154648
0.0001131343
0.00011860954
0.00011386736
0.0001127987
0.00011899777
0.00012199754
0.00013010327
0.00012148148
0.00012384615
0.000116872
0.00011789999
0.00010406605
0.00011733931
0.00010060893
0.00010294189
9.4764423e-05
9.7142169e-05
9.820403e-05
0.00010212177
0.00010389625
0.0001047493
0.0001072062
0.00010847256
0.00010495141
0.00011041206
0.000113397
0.00011318573
0.00010449196
0.00010671943
9.7875455e-05
0.00010537529
0.00010822492
0.00011149238
0.00010829749
0.00011075986
0.00010715036
0.00010948571
0.00010413632
0.00010883371
0.00011604373
0.00011335308
9.9791373e-05
0.00010336462
9.1393247e-05
0.00010649489
0.00010454474
0.00010367858
0.00010016201
0.00010923447
9.6829221e-05
9.7354598e-05
9.4595266e-05
0.00010074369
9.9536741e-05
0.00010225135
0.00010356333
0.00010745824
0.00012230511
0.00012586284
0.0001218471
0.00011795179
0.00011282456
0.00011216657
0.00010447012
0.00010696613
0.00010585005
0.00010591866
0.00011366529
0.00011869891
0.00011662149
0.00012462428
0.00013152474
0.00011398245
0.00010287071
0.00010781855
0.00011027647
0.0001178764
0.00012647305
0.0001188568
0.00010257993
0.00010817386
9.8516458e-05
0.00010600889
0.00010843794
0.00011489911
0.00010897953
0.00010296337
0.0001101637
0.00011432244
0.00010927702
0.00011917632
0.00011088572
0.00011085645
0.00011612259
0.00011174782
0.00010658233
0.00011000401
0.00010775366
0.00010893277
0.00011604313
0.00012287683
0.00010602656
0.00011468435
0.00011105309
0.00010852905
0.00011039872
0.00012011354
0.00010839726
0.00011016168
0.00010868706
0.00011073723
0.0001057593
0.00010711348
0.00010792391
0.00010672021
0.00011518171
0.00012592129
0.00012430847
0.00012223715
0.00011771395
0.00011673174
0.00011570108
0.00012078593
0.00011318174
0.00010945746
0.00010562403
0.00011694441
0.00011382318
0.00012614483
0.00013032866
0.00012683008
0.00013437604
0.00012598353
0.00013105575
0.00011998095
0.00011190146
0.00010800303
0.00011047405
0.00012421891
0.00011828624
0.00011026765
0.00011684807
0.00011844726
0.00010991409
0.00011486879
0.00011602016
0.00012148446
0.0001120839
0.00012114434
0.00013616354
0.00013932906
0.00012054119
0.00013664441
0.00011419664
0.00011061178
0.00010087338
0.00010666135
0.00010816575
0.00011495421
0.00011354803
0.00012355096
0.0001264752
0.00011956196
0.000119494
0.00012157983
0.0001324048
0.0001229318
0.00012005589
0.00012672806
0.00012282796
0.00013146425
0.00011872986
0.00011628474
0.0001264095
0.00012525674
0.00011852896
0.00011134337
0.00010481603
0.00012775458
0.00012634561
0.00012543767
0.00012779219
0.00012709277
0.00012404548
0.00012169208
0.00012539975
0.00011477469
0.00012792442
0.00012607771
0.0001228019
0.00012531466
0.00012358322
0.0001298285
0.00012129042
0.00012477265
0.0001246619
0.00011321394
9.9156677e-05
0.00010972003
0.00011830662
0.0001157259
0.00011001656
0.00011713607
0.00011587999
0.00012324916
0.00012139177
0.0001271726
0.00011278086
0.00011248945
0.00011033321
0.0001171922
0.00011319072
0.00011303301
0.00011058329
0.00012150588
0.0001231012
0.00012360403
0.00012096469
0.00011856649
0.00011981953
0.0001162618
0.00011746723
0.00011336593
0.00011375797
0.0001204757
0.00012256317
0.00012255715
0.00011572904
0.00012285728
0.00013480641
0.00012955153
0.00012371798
0.00011851886
0.00011699175
0.00012659949
0.00011590803
0.00011877291
0.00011372347
0.00011109333
0.00010906244
0.00011557362
0.00011223797
0.00012545801
0.00012929378
0.00011809093
0.0001110084
0.00011038746
0.00011029662
0.00011998829
0.00011625778
0.00012957485
0.00012717205
0.00012357468
0.00012440458
0.00012624021
0.00013356811
0.00013710429
0.00012271396
0.00012074555
0.00010935476
0.00011546875
0.00012632264
0.00012380422
0.00012259307
0.00013319367
0.00011924148
0.0001246406
0.00013068532
0.00011649043
0.0001147615
0.00011925112
0.00012728308
0.00012383983
0.00011369289
0.00011442459
0.00011275843
0.00011718353
0.00011003178
0.00011414935
0.00012448447
0.00011820688
0.00011333841
0.00011337122
0.00011765686
0.00011995706
0.00012611872
0.00013569739
0.00012621667
0.00012724834
0.000120197
0.00011249389
0.0001203404
0.00011675566
0.00012402327
0.00011444952
0.00011450865
0.00012280539
0.00011332192
0.00013763794
0.00013163805
0.00013254444
0.00012135799
0.0001209713
0.00012259406
0.00011576635
0.00012330542
0.00013575022
0.00012658446
0.00013309312
0.00013116936
0.00012757344
0.00013248237
0.00012637383
0.00015849684
0.00015504094
0.00014468582
0.0001487468
0.00013730031
0.00014185426
0.00013672526
0.00013225458
0.00011840151
0.00013336816
0.0001218778
0.00013869627
0.00014048179
0.00014797065
0.00016208206
0.00014517956
0.00014896707
0.00015330941
0.00013389305
0.00012958951
0.00015286088
0.00013938023
0.0001295893
0.00012822594
0.00012627923
0.00013646525
0.00012187125
0.00012123853
0.00011629745
0.00012737835
0.00012254265
0.00012938838
0.00013609805
0.00012443745
0.00011372171
0.00011046467
0.00011633517
0.00012137456
0.00012456315
0.00013199394
0.00012514621
0.00013005417
0.00011875664
0.00012076482
0.00013003633
0.00013651855
0.00013928393
0.00014060859
0.00015295379
0.0001693557
0.00016292138
0.00015377624
0.0001316664
0.00012269296
0.00014002563
0.00013805321
0.0001266654
0.0001407489
0.00013391603
0.00011403779
0.00012237421
0.00011521286
0.00011719321
0.00012013934
0.00011980961
0.0001354932
0.00015087109
0.00017306252
0.00013410341
0.00012901703
0.00012936899
0.00011645876
0.00012009684
0.00011740611
0.00012922049
0.00012831414
0.00013568469
0.0001387249
0.00012253753
0.00012009786
0.00012607852
0.00013013136
0.00012230492
0.00012152979
0.00011661637
0.00012487497
0.00014398841
0.00012357491
0.00012415351
0.00012714491
0.00012838207
0.00014375112
0.00013604779
0.00014222984
0.00014770932
0.00013755353
0.00012573053
0.00012386319
0.0001195804
0.00012437707
0.0001226327
0.00011854528
0.00012006009
0.00013927848
0.0001216049
0.00012146451
0.00012498121
0.00013049994
0.00012689537
0.00011968961
0.00011928138
0.00012869968
0.00012736942
0.00013007843
0.00013979816
0.00014588158
0.0001314207
0.00013817269
0.00014575079
0.00013394133
0.0001268156
0.00013356299
0.00013242724
0.00013435929
0.00013500879
0.00012880581
0.00013608636
0.00013199624
0.00014568112
0.00013695363
0.00015289669
0.00013760086
0.00013317136
0.00014199172
0.00014593273
0.00014955778
0.00015059566
0.00014038748
0.0001228495
0.00012946204
0.00013176557
0.00013109951
0.00012000284
0.00014457847
0.00013750072
0.00014400053
0.0001283979
0.00012193663
0.00012799252
0.00012597601
0.00014212896
0.00013876651
0.00013004895
0.00013394373
0.00013351886
0.00013375102
0.00012505646
0.0001196312
0.00013383613
0.00013283519
0.00013703957
0.0001439508
0.00013864124
0.00013143261
0.00014439599
0.00014597121
0.00013952256
0.00014496641
0.0001560742
0.0001379987
0.00013455009
0.00014101918
0.0001415603
0.00014140464
0.00013852733
0.00013532292
0.00013752296
0.00012354359
0.00011405414
0.00012721565
0.00012555527
0.00014334611
0.00012926279
0.00012781355
0.00012960491
0.00012407751
0.00012518963
0.0001264684
0.00012008253
0.00013252322
0.00012717071
0.00013306569
0.00014305832
0.0001374962
0.00015939144
0.0001461389
0.00013541672
0.00014421026
0.00015380345
0.00014476826
0.00013511713
0.00013335982
0.00012072348
0.00013287364
0.00013757122
0.00012867819
0.00012249641
0.00012858665
0.00013875982
0.00014102355
0.00014533703
0.00015442851
0.00013919339
0.00015692144
0.00015966768
0.00014475774
0.00014182355
0.00012965352
0.00014735534
0.00014886998
0.00013963185
0.00015687546
0.00014944854
0.00014076377
0.00013489408
0.00013606057
0.0001208237
0.00012939248
0.00013335177
0.0001304942
0.00012725365
0.00014444931
0.00014031698
0.00014306894
0.00013552173
0.00014026514
0.0001406327
0.00013622639
0.0001365735
0.00013640812
0.00014593303
0.00014916282
0.0001324167
0.00013949889
0.0001488287
0.00015590286
0.00014068426
0.00014569081
0.00013936688
0.00014055703
0.00015091799
0.00016618773
0.00015727137
0.00013416497
0.00013902156
0.0001327792
0.00012854882
0.00013340301
0.00012745716
0.00013582353
0.00013350452
0.00012905209
0.00012458336
0.00012829668
0.00012900931
0.00013557133
0.00012751373
0.00013064505
0.00013392195
0.00013541319
0.00013501175
0.00013344443
0.00013927036
0.00014352822
0.00014385292
0.00013743629
0.00014233055
0.00013959155
0.0001396967
0.00012819246
0.00013199104
0.00012662352
0.00012582273
0.00013283186
0.00013917578
0.00014338392
0.0001447039
0.00014912599
0.00016770288
0.00015696452
0.00014493714
0.00012688413
0.0001245311
0.0001286608
0.0001327516
0.00013684726
0.00014017928
0.00014469094
0.00013922369
0.00013177153
0.00012880359
0.00012702463
0.00012291327
0.00011921327
0.00011891995
0.00012806818
0.00011857869
0.00014218809
0.00012766688
0.00012858019
0.00011440741
0.0001224344
0.00011716625
0.00012022949
0.00012838497
0.00012534819
0.0001251881
0.00012921382
0.00013625602
0.00014777736
0.00015366245
0.00015286243
0.00014679185
0.00014520299
0.00015386519
0.00015627752
0.00016167557
0.00014601168
0.00013761529
0.00013733763
0.00013833281
0.00014049508
0.000137376
0.00014233993
0.00013530524
0.00014976654
0.00014106195
0.00014229263
0.00013909285
0.00013039437
0.00013961452
0.0001278894
0.00013191873
0.00014508737
0.00013714348
0.0001340699
0.00014920413
0.00014055592
0.00014456801
0.00015204349
0.00014660224
0.00014629456
0.00015089616
0.00013726681
0.00013078414
0.00012835954
0.00012107055
0.00013277466
0.00012173398
0.00012842879
0.000130357
0.00015964324
0.00013359045
0.00014183481
0.00014682218
0.00013077794
0.00012539977
0.00012635268
0.00012131749
0.00013737434
0.0001329721
0.00014972304
0.0001323872
0.00013005951
0.00013058016
0.00013085356
0.00013770373
0.00012779515
0.00013444339
0.00013445333
0.00012956386
0.00012156939
0.0001300961
0.00013430258
0.00013787968
0.00013313131
0.00014128651
0.00013772862
0.00013230789
0.00013245742
0.00012407518
0.00013721811
0.00012632707
0.00012888054
0.00012741809
0.00012165433
0.0001207294
0.00011384369
0.00011741931
0.0001304124
0.00013388286
0.00012745005
0.00013469877
0.00013969923
0.00012422842
0.00012005518
0.00012099165
0.00012516047
0.00012672663
0.00013733048
0.0001356507
0.00012967335
0.00011957504
0.00014730179
0.00015657196
0.00015954763
0.0001407639
0.00014326565
0.00014105635
0.0001367944
0.00013990472
0.00014044588
0.00014806202
0.00014780815
0.00015577245
0.00015626897
0.00014451068
0.00014054504
0.00014284254
0.00013061682
0.00012407303
0.0001303468
0.00012937887
0.00014392508
0.00012824488
0.00012499373
0.00012369651
0.00012586379
0.00012362958
0.00014797385
0.00015921877
0.00015780167
0.00014031166
0.00013259022
0.00013139454
0.00013411661
0.00013334575
0.00012459235
0.00013573312
0.00013931923
0.0001318016
0.00013725389
0.0001242416
0.00012209717
0.00012921325
0.00012492843
0.00012396773
0.00013411263
0.0001393876
0.00015171809
0.00014267318
0.00015394532
0.00013869124
0.00014539045
0.00016125334
0.00013910804
0.00012842965
0.00012496239
0.00014892863
0.00014605362
0.00013433269
0.0001300751
0.00011988077
0.00012708522
0.00014105044
0.00014112637
0.00012632351
0.00013479888
0.00016008261
0.00015669612
0.00012724798
0.00013634448
0.00012218662
0.00014663942
0.00015215029
0.00015318949
0.00015362601
0.00014310337
0.00014138269
0.00015957916
0.00015577053
0.00015047841
0.00013758718
0.00015384045
0.00013402066
0.00013604785
0.00013816528
0.00014122928
0.00013759672
0.00014337833
0.0001323735
0.00011799231
0.00013148316
0.00012516996
0.0001299131
0.00012466039
0.00012182499
0.00012977273
0.00012813696
0.00014061141
0.00012869812
0.00012631726
0.00012036497
0.00011964791
0.00014739527
0.00015803414
0.00014496337
0.00014584464
0.00013865139
0.00013498859
0.0001328421
0.00013692489
0.00013913002
0.00013324085
0.00014336409
0.00013781
0.00013713611
0.00014003259
0.00013333628
0.00014492829
0.00014312051
0.00014543726
0.00014144293
0.00013193766
0.00012191688
0.00011628746
0.00011851639
0.00011520584
0.00011268512
0.00011585009
0.00012392029
0.00012115443
0.00013815347
0.00014009914
0.00013470706
0.00014484695
0.00014052731
0.00013636554
0.00014714602
0.00013238446
0.00012215922
0.00012809164
0.00012565328
0.00012754939
0.00013952747
0.00012452822
0.0001141618
0.00012198906
0.00013267745
0.00012374829
0.00012395573
0.00011652476
0.00012243669
0.00014183118
0.00012873121
0.00014768118
0.00014132741
0.00014186205
0.00014810824
0.00013632916
0.00015693029
0.00014657662
0.00014672911
0.00013037282
0.00012158119
0.00012788533
0.00013845946
0.00014524409
0.00013852374
0.0001533384
0.00013434754
0.00013950142
0.00012552739
0.00012389489
0.0001306377
0.00014862542
0.00014523155
0.00014885199
0.00015551607
0.00014950646
0.00013227774
0.00012406765
0.00012238668
0.00013855678
0.00012218687
0.00012395268
0.00012030195
0.00011727256
0.00013365508
0.00012764248
0.00014106839
0.00013471069
0.00015645067
0.00014931102
0.00015216504
0.00014151297
0.00014661356
0.00014961489
0.00013059385
0.00013260823
0.00014392803
0.00014292355
0.00014294731
0.00014237818
0.00012702982
0.00012587914
0.00012578813
0.00013597815
0.0001294919
0.00015460629
0.00015096169
0.00014257824
0.00014226394
0.00013371704
0.00011941942
0.00012165412
0.00012820151
0.00013878502
0.00012348432
0.0001290353
0.00011446908
0.00012499123
0.00012553058
0.00013555007
0.00014023331
0.00013925143
0.00012486632
0.0001248665
0.00011429819
0.00011582915
0.00011371892
0.00011847523
0.00011195538
0.00011951331
0.00012837947
0.00014097748
0.00013829957
0.00013020278
0.00012773336
0.00012701244
0.0001339217
0.00013060614
0.00012844804
0.00013251049
0.0001313923
0.0001343107
0.00013663082
0.00012531952
0.00012839128
0.00012493625
0.00014297666
0.00014137512
0.0001468751
0.00014114987
0.00012508925
0.00012541822
0.0001257422
0.00013284625
0.00012817304
0.00013272573
0.00012307238
0.00012104586
0.00013447886
0.00012941443
0.00013011694
0.0001345381
0.00013092886
0.00014024386
0.00013210164
0.00013151627
0.00012145769
0.00012536984
0.00013389356
0.00014025273
0.00014336094
0.00013786858
0.00014526505
0.00014630526
0.00014581121
0.00014876196
0.00013516835
0.00012760061
0.00013065969
0.00012941597
0.00013202729
0.00013592958
0.00013838844
0.00014203327
0.00013863741
0.00013886262
0.00012657189
0.00013527074
0.00013222106
0.00015106923
0.00014453195
0.00015966406
0.0001395703
0.00015245576
0.00014103939
0.00013894598
0.00012605206
0.00013210035
0.0001356894
0.00012967215
0.00012675062
0.00013281785
0.00012848125
0.00014562915
0.00013604783
0.00012797078
0.00011265606
0.00013310484
0.00012355923
0.00013556503
0.00013603988
0.00015110832
0.0001297652
0.00014581972
0.00014175115
0.00012813583
0.00013317064
0.0001241824
0.00013289535
0.00013978789
0.00013750973
0.00012763659
0.00014034526
0.00013933782
0.0001353789
0.00014957234
0.00014233169
0.000145376
0.00013235953
0.00012406792
0.00012471622
0.00012907007
0.00012588642
0.00013274755
0.00014384385
0.00015640965
0.0001653061
0.00013280033
0.00012500191
0.00012358111
0.000128694
0.0001385012
0.000147248
0.00015377597
0.00015666325
0.00015649472
0.00016206151
0.00014989259
0.00014301284
0.00012819644
0.00011686562
0.00012092874
0.00012654341
0.00013811107
0.00012664353
0.00014246504
0.00013477694
0.00013218097
0.00013140499
0.00012780141
0.00011835599
0.00013149964
0.00014549095
0.00014212616
0.00012865943
0.00013075683
0.00014602697
0.00014074956
0.00013258438
0.00012092695
0.00014049937
0.00013383853
0.00013239673
0.00013626159
0.00014704061
0.00014191723
0.0001366523
0.00013528644
0.00014838704
0.00014568065
0.00013009901
0.00013223519
0.00013320425
0.00013948667
0.00013638281
0.00013991323
0.00012127755
0.00012304921
0.00013154908
0.00013013236
0.00014744032
0.00013638054
0.00013781302
0.0001436179
0.00013868045
0.00014730201
0.00013386377
0.00012206124
0.00012239974
0.00011948535
0.0001196235
0.00012883094
0.00012735046
0.00013482717
0.00011972593
0.00012367716
0.00011473178
0.00011924264
0.00011751485
0.00012087094
0.00011723433
0.00012748866
0.00011444997
0.00013805824
0.00013625495
0.00015196432
0.00013764056
0.00012399524
0.00011656585
0.00011905929
0.00012257219
0.00012508945
0.00012409851
0.00013083982
0.00012945331
0.00012852129
0.00013569867
0.00013369721
0.00014694257
0.00013827119
0.00012515959
0.0001305312
0.00013949738
0.00014048989
0.00015381588
0.00014188974
0.00015076838
0.0001360469
0.00011889588
0.00014499088
0.00013707234
0.0001724954
0.00015863844
0.00013835182
0.00012257007
0.00012431765
0.00013115608
0.00013011535
0.00011409693
0.00013224521
0.00013611069
0.00013931056
0.00013889619
0.00012783766
0.00012801918
0.00012935752
0.00012912401
0.00012981004
0.00014018709
0.00013686385
0.00013026766
0.00012735614
0.00012703906
0.00014115157
0.00013888071
0.00013596432
0.00012850487
0.00014374673
0.00013983831
0.00013128147
0.00013413806
0.00012227946
0.00013579114
0.00013990406
0.00013043952
0.00014617821
0.00016012837
0.00017057796
0.00014522168
0.00013682837
0.00014216275
0.00012269227
0.00012236337
0.00011046607
0.00011801354
0.00013384588
0.00013787984
0.00014193612
0.00014408749
0.00013901608
0.00014063122
0.00013914437
0.00013234495
0.00013802651
0.0001239005
0.00012622472
0.00013325085
0.00014243436
0.0001391147
0.00014376585
0.00013903704
0.00014717183
0.00012996933
0.00013840797
0.00013392935
0.000128742
0.00012747285
0.00013020981
0.00012993213
0.00014304873
0.00015667538
0.00015281982
0.00014415229
0.00014980879
0.00015250113
0.00015162904
0.00015120037
0.0001470668
0.00014272396
0.00013690164
0.00012676321
0.00012495958
0.00011873046
0.00012330876
0.0001191072
0.00014499237
0.00013281615
0.00013910535
0.0001334757
0.00012071122
0.00013790602
0.00013188498
0.00011843973
0.00013089219
0.00012464484
0.00012372599
0.00012343978
0.00012737434
0.00012436378
0.0001324195
0.00012550948
0.00012631006
0.00012774648
0.0001218857
0.00011763557
0.00012870263
0.00012009238
0.00012806236
0.00013650632
0.00012968269
0.00012199675
0.0001244881
0.00011548488
0.00011163971
0.00011529334
0.00011560879
0.00011374281
0.00013057184
0.00012174342
0.00012545403
0.0001338056
0.00013765179
0.00012062065
0.00013177808
0.00013494146
0.00015085867
0.00014091795
0.00014376493
0.00013116962
0.00013162354
0.00012917599
0.00012817245
0.00011966529
0.00012075668
0.00011921434
0.0001173325
0.0001237423
0.0001311907
0.00013387456
0.00014281059
0.00015400928
0.00013706994
0.00012580943
0.00012323118
0.0001318202
0.00012996824
0.00012434084
0.00013293117
0.000138942
0.00014970957
0.00014797715
0.00013024179
0.00013076702
0.00013458606
0.00013212703
0.00014173358
0.00014900957
0.00015035107
0.00013819611
0.0001446674
0.00012743675
0.00013146809
0.0001344087
0.00013630408
0.00013625641
0.00013030981
0.00015284358
0.00015167619
0.00013878058
0.00014164995
0.00012568375
0.00013284856
0.00012757624
0.00013106704
0.00013350672
0.00013477862
0.00013273187
0.00012726259
0.0001189008
0.00013447206
0.00015560103
0.00014390398
0.00014778345
0.00014750022
0.0001399522
0.00014537169
0.00014066311
0.00013302028
0.00013460935
0.0001296776
0.00012545913
0.00013317406
0.00013269505
0.00013852782
0.00013616595
0.0001395826
0.00013956777
0.00013595608
0.00014644074
0.00014137488
0.00013892152
0.00013965601
0.00015756755
0.00014651611
0.00014006175
0.00013966091
0.00014168522
0.00013805026
0.00013522997
0.00016926431
0.00015969009
0.00015828848
0.00016148905
0.00014305792
0.0001351763
0.00012805901
0.00013172146
0.0001346251
0.00012620893
0.00012440754
0.00011795751
0.00013323116
0.00013489207
0.00014389924
0.00012815211
0.00013183556
0.00012183573
0.00012084565
0.0001126192
0.00011531006
0.00012411426
0.00013783121
0.00013793203
0.00014167685
0.00015447464
0.00014921645
0.00014117063
0.00012884896
0.00012418251
0.00013120262
0.00013704958
0.00013527839
0.00014341295
0.00013757559
0.00015456435
0.00014323533
0.00013924609
0.00014389197
0.0001374957
0.00014038224
0.00014222052
0.00014001165
0.00013145509
0.00012810592
0.00012663469
0.00013279246
0.00012447043
0.00012565068
0.00012999139
0.00012930962
0.00012588104
0.00012390313
0.00011699933
0.00013317481
0.00013905182
0.00013128091
0.00012106214
0.0001209261
0.0001322568
0.00012953365
0.00014901031
0.00014174071
0.00013711504
0.00013692679
0.00013662968
0.00012497038
0.00011813728
0.00012989739
0.00012698632
0.00011988758
0.00013364255
0.00012543772
0.0001227615
0.00013510774
0.00013526069
0.00014891545
0.00014601448
0.00015077358
0.00015163531
0.00014408436
0.00014452651
0.00014766655
0.00013710599
0.0001486845
0.0001402989
0.00014904131
0.00014669987
0.00015241626
0.00013928359
0.00015459634
0.00013481058
0.00013564834
0.00014562775
0.00014097937
0.00013847743
0.00013453159
0.0001268843
0.00013517488
0.00014229662
0.00014148717
0.00013145474
0.00012756532
0.00012695479
0.00013018654
0.00013552471
0.00014059948
0.00014009854
0.00012736296
0.00013109318
0.00013723215
0.00013236087
0.000127326
0.00012922251
0.00013341823
0.00013630868
0.00013723312
0.00014344242
0.00012433133
0.00013706045
0.00013770339
0.00013339183
0.00012794391
0.000119294
0.00012608386
0.00013070585
0.00013045112
0.00013742878
0.00014088366
0.00013038225
0.00013346487
0.00012591039
0.00013017463
0.00011887575
0.00012834135
0.00012926847
0.00013139556
0.00012438378
0.00014091937
0.00013820174
0.0001479852
0.00014407852
0.00013923689
0.00013322966
0.00013337177
0.00013888877
0.00013629283
0.00014700382
0.00014716471
0.00013483749
0.00013635612
0.00014347324
0.00013737844
0.00013526994
0.00013622071
0.00014847441
0.00016504414
0.00015370393
0.00015566669
0.00013526342
0.00013408058
0.00012122129
0.00012441784
0.00012395876
0.00013152866
0.00013488859
0.00014166789
0.00013029584
0.0001384939
0.0001323824
0.00013001104
0.00012496163
0.00012461994
0.00011707911
0.00012204002
0.00013753806
0.00015659463
0.00013398441
0.00014541316
0.0001480218
0.00013709222
0.0001399661
0.00013376636
0.0001208114
0.00012818504
0.00013719227
0.00014675007
0.00013860075
0.00013758506
0.00013996322
0.0001318352
0.00013159895
0.00014281774
0.00014310757
0.0001506058
0.00015248536
0.00014616223
0.00014929112
0.00014638284
0.00013588587
0.00013431437
0.00014162643
0.00013572889
0.00013691945
0.00014388925
0.00013770577
0.00014693645
0.000140537
0.00014258872
0.00014760074
0.00013611215
0.00013173323
0.0001292635
0.00013114525
0.00013049172
0.00016631899
0.00015306638
0.00013127549
0.00015248554
0.00014550686
0.00013161213
0.00012036588
0.00012143281
0.00011921302
0.00012341546
0.00012666717
0.00013344481
0.00013671959
0.0001293977
0.00013005958
0.00013300736
0.00013867403
0.00014907742
0.0001417477
0.00013284816
0.00013721276
0.000130041
0.00012183554
0.00012383484
0.00012811388
0.00013743585
0.00014130619
0.0001311816
0.00013720187
0.00012405388
0.00011839508
0.00012059569
0.00012661485
0.00012565561
0.00011800453
0.00012600976
0.00012226078
0.00011804553
0.00011894947
0.0001245557
0.000136901
0.00014272517
0.00013766451
0.00014683499
0.00015598274
0.00014591878
0.00016087115
0.00014401698
0.00016015638
0.00014936573
0.00013764626
0.00013280437
0.00012998667
0.00013712849
0.00013368021
0.00013330544
0.00013268369
0.00015283336
0.00015790722
0.00014129114
0.00013379722
0.00014211039
0.00014445289
0.00015926989
0.00013820331
0.00014207203
0.00012914648
0.00012466119
0.00013525637
0.00014970984
0.00013551105
0.0001544553
0.00015790211
0.0001394095
0.00012358278
0.00013008185
0.00014074302
0.00014128628
0.00014761761
0.0001518277
0.000131415
0.00014551763
0.00012712595
0.00014115855
0.00012529667
0.00012550659
0.00012146058
0.00013084485
0.00014028089
0.00012497545
0.00013008765
0.00011919835
0.00012615114
0.00013168228
0.00014183863
0.00015779322
0.00014240313
0.0001442512
0.00013044708
0.00013405411
0.00013958454
0.00013605568
0.00013276307
0.0001316481
0.00013010116
0.00012908506
0.00013654379
0.0001361365
0.00013573512
0.00013287021
0.00012158624
0.0001227913
0.00010926218
0.00011720387
0.00013123534
0.00012904079
0.00014266049
0.00013044708
0.00012028325
0.0001223726
0.00012656528
0.00011926733
0.00012242487
0.00012814198
0.00012152466
0.00012862845
0.0001347475
0.00014138084
0.00013663224
0.00013278389
0.00012836037
0.00013320604
0.00013842149
0.00013907617
0.00012485417
0.00013672448
0.00012503935
0.00013494563
0.00013499217
0.00015318505
0.00014859092
0.00014428664
0.00013690467
0.00012536321
0.00014241476
0.00013340215
0.00013930214
0.00012796032
0.00012124283
0.00012228321
0.00012535841
0.00012786418
0.00014463234
0.00013680345
0.00013790076
0.0001362027
0.00012204118
0.00012475638
0.000135139
0.00014828219
0.00013906065
0.00015769023
0.00014945613
0.00014781628
0.00013313015
0.00012713596
0.00011392797
0.00012362098
0.00012351021
0.00011747071
0.00011585079
0.00012377488
0.00012612227
0.00013279081
0.00012647111
0.00012369987
0.00012648939
0.00012684391
0.00014367643
0.00014576504
0.00013445009
0.00014255404
0.00014363399
0.00013594989
0.00012678874
0.00012767994
0.00013840951
0.00012936474
0.00014543909
0.0001280333
0.00013239853
0.00013575679
0.00012694473
0.00013344592
0.00012685619
0.000138412
0.00013888639
0.00013476605
0.00013292093
0.00014665125
0.00013618364
0.00014405678
0.00015201667
0.00013653867
0.00012258452
0.00013196169
0.00013138077
0.00013220052
0.00013616087
0.00014502675
0.00014548533
0.00012746662
0.00011436465
0.00011761002
0.00011471581
0.00013300974
0.00013070816
0.0001209313
0.00011138589
0.00011381791
0.00012424242
0.00013182108
0.00012350902
0.00012662301
0.00013211481
0.00012423653
0.00012753518
0.00012616563
0.0001178292
0.00012793305
0.00013495706
0.0001258808
0.00011930484
0.00011724826
0.00013565759
0.0001457092
0.00014074917
0.00014710217
0.00014018672
0.00017551068
0.0001735335
0.00014771471
0.000135866
0.00012679276
0.00012669998
0.00012582871
0.00015440992
0.00016457246
0.00015161048
0.00013850983
0.0001376447
0.00013539766
0.00013997994
0.00014599813
0.00013862928
0.00013778982
0.00013237874
0.00013027547
0.00013035978
0.0001342746
0.00013519344
0.00013643632
0.00013233079
0.00014919443
0.00013933591
0.00014891752
0.00013971926
0.00013816439
0.00012031693
0.00012834899
0.00012483918
0.00013544274
0.0001410459
0.00013413248
0.00013938546
0.00012739458
0.00014000579
0.000136199
0.00013816953
0.00014114797
0.00015504421
0.00015631615
0.00015006375
0.00015689742
0.0001440525
0.00014032678
0.00014922555
0.00014023487
0.00013205601
0.00014485325
0.00013746777
0.00013835026
0.00013488038
0.00013424225
0.00012303592
0.00012653084
0.00012213508
0.00013879533
0.00013555607
0.00012884739
0.00012285032
0.00013137423
0.00013412906
0.00013436842
0.00014650381
0.00014695592
0.00013951049
0.00012506377
0.00013774127
0.00014195459
0.00015265104
0.0001548567
0.0001375369
0.00016136224
0.00015707063
0.00016486409
0.00013962482
0.00013810465
0.0001335587
0.00015146246
0.00015261521
0.00015349245
0.00013758384
0.00013865127
0.00012895835
0.00012827804
0.00013250687
0.00013230952
0.00012708991
0.00014468972
0.00012787725
0.00013891387
0.00013806834
0.00012959157
0.00015315894
0.00013670104
0.00013389899
0.00012691563
0.00013581113
0.00014249831
0.00014439409
0.00014344031
0.00014538306
0.00014079496
0.00016031553
0.00015407437
0.00014126667
0.00014338342
0.00013882713
0.00012484177
0.00012974319
0.00012974481
0.00012594396
0.00013088865
0.00011998131
0.00012611073
0.00012708205
0.00012816882
0.00012856774
0.00013542779
0.00013894762
0.00013904358
0.00013365026
0.00014013898
0.0001430501
0.00014107197
0.00014957707
0.00014785148
0.00013937074
0.00013253339
0.00013168231
0.000127894
0.00012826549
0.00012828009
0.00012700991
0.00014948452
0.0001361894
0.00014425032
0.00015218374
0.000143227
0.00015292727
0.00014187136
0.00014303807
0.00013286791
0.0001376252
0.00013584828
0.00011346835
0.00012989383
0.000128269
0.00012815643
0.00012945224
0.00014193615
0.00012935389
0.00013310295
0.00012351006
0.00013230197
0.0001404302
0.00014204216
0.00013634748
0.00012441185
0.0001275598
0.00012636251
0.0001371102
0.0001444658
0.00013152319
0.00013079914
0.00012422358
0.0001241078
0.00012339869
0.00013268859
0.00014690648
0.00013715166
0.00013481853
0.00014079763
0.00013374955
0.00014630463
0.00014567915
0.00013695079
0.00015087944
0.00013232227
0.00013389768
0.0001374502
0.0001393307
0.00013942244
0.00012735938
0.00014984268
0.00012666427
0.00012964045
0.00014345286
0.00013566241
0.00013337512
0.00013165393
0.00013355687
0.00013734528
0.00013045021
0.00013156929
0.00012718216
0.00012677121
0.00014924429
0.000149114
0.00014106239
0.00013804739
0.00013436276
0.0001355923
0.00014104689
0.00015392119
0.00016618811
0.00016361183
0.00015188555
0.00014893003
0.00015557696
0.00014482599
0.00016484294
0.00015607012
0.00016538911
0.00015544412
0.00015404992
0.00013317009
0.00013011642
0.00014078429
0.00012796007
0.00013940374
0.00015672145
0.0001596062
0.00016171863
0.00015277179
0.00014558159
0.0001435694
0.00013367009
0.00014956134
0.00013728236
0.00013641826
0.00013906348
0.00015231473
0.00013448024
0.00013025953
0.00012186015
0.00013750168
0.0001386876
0.00013331571
0.00012854015
0.0001181687
0.00013072275
0.00013524034
0.0001368237
0.00014698117
0.00015399639
0.00015904898
0.0001493065
0.00013984841
0.00012951041
0.00013290953
0.00014470815
0.00013758583
0.00013971972
0.00016455176
0.00015690587
0.00014782731
0.0001297297
0.00014901782
0.00013695883
0.0001437067
0.00013042671
0.00013979198
0.00013899729
0.00015157754
0.00014313589
0.00013786701
0.00012702017
0.00012473072
0.00013299731
0.00012232107
0.00012824763
0.0001246656
0.00013487625
0.00013121075
0.00014486974
0.00014137126
0.00015076483
0.00013388852
0.00014023202
0.00013487007
0.00014706737
0.00013171129
0.00014528849
0.0001481422
0.00013243653
0.00014013601
0.00013777374
0.00013651218
0.00013525003
0.00013655184
0.00012162813
0.00014033386
0.00013990269
0.00014074527
0.00013620484
0.00014194401
0.00013333578
0.0001269976
0.00013378352
0.00012842657
0.00012996897
0.00012820565
0.00013710774
0.00013593146
0.00012148851
0.000119296
0.00012156673
0.00013684438
0.00013603768
0.00015197031
0.00014553723
0.00014102085
0.00013618936
0.00012760382
0.00014115279
0.00012871881
0.00011686393
0.00012072626
0.00013650997
0.00014145784
0.00013228566
0.00012526276
0.00013150202
0.00012389267
0.00012358568
0.00013590056
0.00013393972
0.00012598622
0.00013641427
0.00013484421
0.00013376083
0.00013830527
0.00013110057
0.00014637841
0.00013524947
0.00014587008
0.00014733291
0.00013775277
0.00013170172
0.00012429119
0.00011757132
0.00011297532
0.00012401546
0.00013518081
0.00012439188
0.00013050425
0.00012997913
0.00014383579
0.00014571308
0.00013915866
0.00014158151
0.00013691946
0.00013132712
0.00013049207
0.00014204492
0.0001442807
0.00015691972
0.00015214145
0.00015351393
0.00013778952
0.00014107988
0.00013291256
0.00012477348
0.00014238124
0.00014435757
0.00014194575
0.00014055341
0.00014619804
0.00013968422
0.00014465095
0.00014667931
0.00014518087
0.0001521638
0.00014815151
0.00013566029
0.00013323246
0.00012426298
0.00013293116
0.00012907586
0.00014321968
0.00014123585
0.00012309264
0.00013700674
0.00013864071
0.00013760968
0.00016133847
0.00016274488
0.00016670226
0.00015204634
0.00015543402
0.00013443396
0.00014219496
0.00012631094
0.00012711349
0.00013241439
0.00012979626
0.00012876724
0.00014127686
0.00014806989
0.00015736549
0.00017103553
0.00015392529
0.00014301503
0.00013312007
0.00015846874
0.00014996876
0.00014083992
0.00014731405
0.00014234587
0.00014722584
0.00014547453
0.00013247573
0.00015138205
0.00014691023
0.0001464696
0.0001377245
0.00014034757
0.00014011913
0.00013620913
0.00015409336
0.00014353071
0.00013446848
0.00014006079
0.00013711652
0.00012530464
0.00012564767
0.0001376299
0.00014275757
0.000132564
0.00012852649
0.00011686919
0.0001307381
0.00011993583
0.00012922941
0.00013710519
0.000128382
0.00014001118
0.00014959273
0.00014384461
0.00013493796
0.00014430203
0.00013052161
0.00013761579
0.00013936745
0.00014748063
0.00015434711
0.00013319271
0.00013250867
0.00013062945
0.00013987442
0.00013520536
0.00013926123
0.00013921106
0.00014013281
0.00014424649
0.0001457465
0.00013387139
0.00013205144
0.00012776285
0.00013887178
0.00013483831
0.000128486
0.00013174483
0.00013308564
0.00012396649
0.00014358809
0.00015143701
0.00016489332
0.00017519524
0.00015528326
0.00015031575
0.0001289427
0.00011611856
0.00012426028
0.00012666646
0.00013881788
0.00012959818
0.00013255636
0.00013988422
0.00014284959
0.0001337845
0.00013923977
0.00015307757
0.00014530093
0.00015114856
0.00013436329
0.00014002264
0.00014608813
0.00014629149
0.00015781262
0.00014303098
0.00013289852
0.00014460504
0.00014155945
0.00014670253
0.00013775156
0.00013447515
0.00012709329
0.00013135954
0.00012438048
0.00013582004
0.00013105371
0.00013168079
0.00013732162
0.0001434544
0.00013328014
0.00013248535
0.00013512743
0.00012843856
0.00012431055
0.00013256197
0.00013099223
0.00013119898
0.00014160047
0.00014464936
0.00014394434
0.00014044167
0.00013531952
0.00013681194
0.00013437773
0.0001355006
0.0001397336
0.0001400959
0.00013326369
0.00012514613
0.00013853116
0.00013624338
0.00013956067
0.00013497361
0.00013106658
0.0001221826
0.00012227178
0.00011978784
0.00012546999
0.00012983378
0.00012873246
0.00012119024
0.00011457285
0.00012967031
0.00014030038
0.00015524811
0.00016913131
0.00015085442
0.00014003526
0.00013459083
0.00013281905
0.00012840789
0.0001393138
0.00013174176
0.00013619314
0.00012853271
0.00012761336
0.00011866236
0.00012895714
0.00013138625
0.00014211209
0.00012268171
0.00013587859
0.00014314289
0.00014244558
0.00013823801
0.00013611771
0.00012778873
0.0001439896
0.00014137618
0.00013621442
0.00012985112
0.0001521997
0.00014934572
0.00015307774
0.00015841536
0.00013765539
0.0001233058
0.00012122023
0.00012545081
0.00013104372
0.00012601127
0.0001291663
0.00013052419
0.00013240427
0.00013478141
0.00013776844
0.00012981966
0.00013488919
0.00014788196
0.00014158617
0.00013664903
0.00013803487
0.00012475389
0.00013425297
0.00014775342
0.00013616558
0.00013237129
0.00012493941
0.000117517
0.00012731696
0.00013189626
0.0001437228
0.00014385359
0.0001433669
0.00015014526
0.00016347251
0.00014741797
0.00015508972
0.00015884266
0.00014806826
0.00012171076
0.00013389525
0.00012947571
0.0001423686
0.00015100584
0.00015566647
0.00014980484
0.0001569997
0.00014162334
0.00014256138
0.00014613301
0.00014830996
0.00013571607
0.00013332687
0.00012761002
0.00013508189
0.00012817355
0.00014388608
0.0001455764
0.00013720861
0.00013141538
0.00013433524
0.00012248857
0.00012396033
0.00012199281
0.00013422964
0.00015033055
0.00015029377
0.00013837134
0.00013696045
0.00014943561
0.00014736188
0.00014358073
0.00014034696
0.00015109496
0.00015051876
0.00013668612
0.00013869847
0.00013503084
0.00013094219
0.00012267494
0.00011673417
0.00011727794
0.00012197406
0.00012525274
0.00015298583
0.00014825741
0.00013480207
0.00012971759
0.00012922489
0.00014375045
0.00014800574
0.00013576905
0.00014325197
0.00012905132
0.00013266301
0.00011986254
0.0001305766
0.00011877365
0.00013579857
0.00012755288
0.00013710805
0.00013881094
0.00012428574
0.00011849844
0.00012565744
0.00012887699
0.00014797264
0.00014921986
0.00014519943
0.00016771287
0.00014516108
0.00012912662
0.00012977255
0.00013470261
0.00012827018
0.00014018896
0.00013433712
0.00014187046
0.00014512848
0.00013976378
0.00013852598
0.00013555834
0.00014802796
0.00014466957
0.00014297881
0.000136423
0.00013183008
0.0001516528
0.00014051654
0.00013295105
0.0001369272
0.00014651561
0.00013664239
0.00013610546
0.00014971311
0.0001436225
0.00014320416
0.00013297999
0.00013127599
0.00016956256
0.00016896392
0.00014699401
0.00013631876
0.0001318005
0.00014751352
0.00014797555
0.00014901364
0.00014423645
0.00013968868
0.00013209035
0.00013460222
0.0001339441
0.00013896429
0.00013501814
0.0001264335
0.00013617202
0.00013249405
0.00012916815
0.00012844927
0.00011894328
0.00012614539
0.00013267748
0.00013415253
0.00013250593
0.00013852575
0.00014735975
0.00014548057
0.00015473728
0.00015204313
0.00014964064
0.00016274829
0.0001474183
0.0001369122
0.0001236555
0.00013127884
0.00012065941
0.00012738232
0.00012125018
0.00013287003
0.00013949978
0.00014194027
0.00013458763
0.00013583145
0.00013320749
0.00013502139
0.00013788157
0.00013566019
0.00012766709
0.00013764944
0.00013913292
0.00012837075
0.00012877275
0.00013940057
0.000140958
0.00013319327
0.00012645773
0.00013455584
0.00014619068
0.00015047292
0.0001303454
0.00013740481
0.00012868097
0.00014330467
0.00013163486
0.00012684773
0.00013605432
0.00013809523
0.00014350923
0.00013395959
0.00014859505
0.00014336755
0.00012806976
0.00013208499
0.00012461788
0.00014114529
0.00014707562
0.00014271361
0.00014401533
0.0001461231
0.00013636451
0.00013372963
0.00013852496
0.00012841322
0.00013084429
0.00012264356
0.00012650455
0.00012891395
0.00013916565
0.00014940486
0.00013791592
0.00013946193
0.00015448821
0.00015056937
0.00014210344
0.00013657644
0.00013499728
0.00013292174
0.00012816017
0.00013471354
0.00012554219
0.00012211182
0.00012391418
0.0001247224
0.00011693436
0.00014253903
0.0001292228
0.00012398979
0.00012848899
0.00012143108
0.00011817963
0.00011565555
0.00012597457
0.00015946519
0.00016085326
0.00015991883
0.00017374359
0.0001622095
0.00014773318
0.00014539822
0.0001290006
0.00013213005
0.00013395972
0.00013896634
0.00014081818
0.00014052136
0.00013756867
0.00014255292
0.00014681816
0.00014030183
0.00014175801
0.00012695738
0.00014053433
0.00013694497
0.00012428995
0.00013227946
0.00013137643
0.00015030404
0.0001519818
0.00014665222
0.00016469576
0.00015148157
0.00012808608
0.00013507168
0.0001351809
0.00014779626
0.00015505805
0.00014458584
0.00016065299
0.00015011332
0.00015058753
0.00015315303
0.00014186332
0.00014975006
0.00014327854
0.00012666531
0.00014471681
0.00013493143
0.00013367805
0.00016844528
0.00015165688
0.00015780907
0.00014471938
0.00014449895
0.0001389193
0.00014396374
0.00013996671
0.00013692993
0.00015129412
0.00014527458
0.00013762232
0.0001398922
0.00013416346
0.00016262772
0.00014957926
0.00014435855
0.00014528038
0.00014071554
0.00014625918
0.00014600446
0.00014736743
0.00015260411
0.00014775649
0.00014803219
0.00014232874
0.00014417377
0.00013362086
0.00013447654
0.00013552268
0.0001328328
0.00013231432
0.00012670381
0.00011750737
0.00011501126
0.00011408082
0.00012769151
0.00012248545
0.00013345546
0.00014040687
0.00015155454
0.00014403185
0.00014052553
0.00015116595
0.00015961639
0.00015437906
0.00013776565
0.00013355426
0.00014046221
0.00014650458
0.00014333482
0.00014778332
0.00013694169
0.00013197461
0.00013830091
0.00013049416
0.00011999915
0.0001141172
0.00013639925
0.00014151375
0.00015284599
0.00015167418
0.00015645866
0.00016454509
0.0001592617
0.00015606386
0.00014807782
0.00014175932
0.00013234741
0.0001416866
0.00015135157
0.00012562428
0.00015331953
0.00013746628
0.00014510098
0.0001346106
0.00012759796
0.00013154048
0.00015322147
0.00014423909
0.00015049895
0.0001484213
0.000154992
0.00014092871
0.00014059618
0.0001343273
0.00013787259
0.00013672402
0.00013978209
0.00015218897
0.0001534563
0.00014433889
0.0001459904
0.00016136523
0.00013996946
0.00012515862
0.00012946094
0.0001330623
0.00014676434
0.00013823492
0.00013248928
0.00014326713
0.0001372254
0.00014571303
0.00013226455
0.00013879318
0.00013542488
0.00014677864
0.00015515141
0.00014266296
0.00013608015
0.00013645814
0.00014101881
0.00014093267
0.00014522566
0.00014622371
0.0001392122
0.0001434285
0.00012708382
0.00013742941
0.00014187221
0.00013538841
0.00013706982
0.00013278057
0.00014588561
0.00013160899
0.00014936651
0.00015638509
0.00016807995
0.00015510674
0.00016357195
0.00015057962
0.00016564556
0.00015203232
0.0001467279
0.00013861638
0.00014602812
0.00013362082
0.00013974819
0.00014448563
0.00014087303
0.00014988684
0.00015387005
0.00015047516
0.00015506979
0.00014187096
0.00013903605
0.00014705141
0.00012565225
0.00012672058
0.000129708
0.0001310512
0.00012772344
0.00012759384
0.00013592174
0.00013892572
0.00012754809
0.00013608309
0.00014538218
0.00015180821
0.00013668674
0.00013309513
0.00013454622
0.00012756108
0.0001350456
0.00012932617
0.00013931239
0.0001377119
0.00015337624
0.00014265442
0.00013305158
0.00012435535
0.00012376921
0.0001237321
0.00013511258
0.00014615796
0.00014460717
0.00014942665
0.00015873224
0.00015512619
0.00017656047
0.00015708194
0.00016238917
0.00016550615
0.00015634673
0.00014661604
0.00014544557
0.00013728196
0.00014574147
0.00015101831
0.00014591008
0.00013282351
0.00014262882
0.00013582169
0.00013489091
0.00013482766
0.00013233944
0.00013872876
0.00014470155
0.00015142016
0.00014437589
0.0001353464
0.00013800956
0.00013827871
0.00014296074
0.00012380941
0.00012960855
0.00012573372
0.0001350338
0.00013376261
0.00013196735
0.00014737345
0.00014832433
0.00015260104
0.00016791639
0.00017364914
0.00016438191
0.00015042831
0.00014879815
0.00013219483
0.00012960049
0.00012622405
0.00013352701
0.00013155674
0.00013836283
0.00013044868
0.00012485985
0.00011685316
0.00012368552
0.00011789289
0.00011744654
0.00012277057
0.00014125529
0.00014213231
0.00014378063
0.00014075496
0.00014029238
0.00013726377
0.00013773118
0.00013806725
0.00012831168
0.0001334402
0.00013199063
0.0001505723
0.00014691603
0.00013801992
0.00012978572
0.00013198633
0.00013450638
0.00013644192
0.00013840811
0.00014816381
0.00015733846
0.00014458421
0.00013423059
0.00014038283
0.00014182546
0.00013245047
0.00011913299
0.00012009971
0.00013827207
0.00014235219
0.00014339249
0.00015436881
0.00014693414
0.00015308908
0.00013951571
0.0001298594
0.00013279793
0.0001344242
0.00013681326
0.0001417983
0.00013882158
0.00014109879
0.00013714666
0.00013422461
0.00013888267
0.00015555115
0.00015806016
0.00014320369
0.00013391902
0.0001281907
0.00012490293
0.00013674933
0.00013332812
0.00013106578
0.00013148493
0.00013608451
0.00014298586
0.00013530968
0.0001289688
0.00012681436
0.0001330493
0.00014679424
0.00015673096
0.00015533778
0.00013281905
0.00013135674
0.00014162381
0.00013140834
0.00014452069
0.0001557858
0.00015004311
0.00014665396
0.00014447222
0.00013055718
0.00016336423
0.00014486519
0.00015778012
0.00015147488
0.00014297169
0.00013600779
0.00013107742
0.00013688294
0.00016265961
0.00015074083
0.00016010184
0.00014827449
0.0001430896
0.00013420863
0.00012807499
0.00012356659
0.00013246737
0.0001319561
0.00014097065
0.00015170101
0.00015441684
0.00014221644
0.00013639217
0.00012350423
0.00012683609
0.00013841533
0.00013689091
0.00013068512
0.00014082067
0.00013099231
0.00014219868
0.00014894838
0.00014488491
0.00013938329
0.00013702852
0.00013516752
0.00013098893
0.0001184252
0.00012656884
0.00012651909
0.00013050965
0.00014434166
0.00014954791
0.00013401037
0.00015440909
0.00014427265
0.00015465318
0.000154575
0.00014951388
0.00014756652
0.00013659471
0.00013809879
0.00013152809
0.00012868538
0.00012384659
0.0001275719
0.00014542978
0.00014251853
0.00014349309
0.00013635283
0.00013883762
0.00013054156
0.00013239739
0.00013565168
0.00014601322
0.00014398714
0.00014380103
0.00013848782
0.00014746465
0.00013851504
0.000150611
0.00014113912
0.00014464425
0.00013607701
0.00013520336
0.00014296416
0.0001462937
0.00014428057
0.00015124315
0.00015297603
0.00014921024
0.00014481428
0.000139193
0.00017403991
0.00015100014
0.00015606853
0.00013986727
0.00013401317
0.00013290711
0.0001279518
0.0001417143
0.00013140304
0.00013942918
0.0001520804
0.00013091633
0.00013765814
0.000142594
0.00014512428
0.00016457763
0.00017034817
0.00015746774
0.00014713453
0.00014484051
0.00013704134
0.00014493335
0.00014494902
0.00015074357
0.00013474028
0.00014169789
0.00013739201
0.00012757702
0.00013219875
0.00013683615
0.00014711057
0.00014216318
0.00013561974
0.00013989534
0.00013806156
0.00015565187
0.00014724421
0.00014040502
0.00015441358
0.0001448553
0.00014445175
0.00013656501
0.00013629643
0.00013593998
0.00013186128
0.00013823206
0.00012116626
0.0001438484
0.00013467522
0.00014422962
0.00014610633
0.00013368219
0.00014717813
0.00013889462
0.00013614591
0.0001481092
0.00013402046
0.00016083736
0.00014616606
0.0001429168
0.00012810134
0.0001229203
0.00012039887
0.00012092721
0.00011886972
0.00012823472
0.00014633689
0.00016608597
0.00014782796
0.00014349543
0.00014149951
0.0001479298
0.00012400966
0.00012021066
0.00012478501
0.00012876807
0.00013246378
0.00013974468
0.0001337613
0.00015060579
0.00014536403
0.00015361206
0.00014033892
0.00013672795
0.00011822732
0.00014096054
0.00014108664
0.00014674364
0.00013265916
0.00013110461
0.00013474713
0.00013114731
0.00014295863
0.00014169404
0.00015890507
0.00015232106
0.00014470656
0.00014906441
0.00014076669
0.00015176312
0.00014689981
0.00015249709
0.00014920191
0.00013898903
0.00014934999
0.00013311166
0.00012131969
0.00014689403
0.00014749704
0.00014935351
0.00016129354
0.00013417499
0.00013653557
0.00013337492
0.00013677508
0.00013586765
0.00013959929
0.00014777034
0.00013439957
0.00013772042
0.00014706634
0.00014247534
0.00014227478
0.0001285545
0.00013358174
0.00013172671
0.00013209097
0.00012855907
0.00013073833
0.00013665047
0.00013688037
0.00013165461
0.00012437523
0.0001303485
0.00012543703
0.00014901824
0.00013596763
0.00013658933
0.0001358172
0.00012778128
0.00013154762
0.00012899843
0.00012869656
0.00013959635
0.00015092306
0.00014596583
0.00015292619
0.00013767373
0.00013634022
0.00013580799
0.00014555409
0.00015155409
0.00014179227
0.00014848987
0.00015369027
0.00014741346
0.00013911469
0.00013463369
0.00013992715
0.00013766992
0.00014203227
0.0001370184
0.00012367798
0.00013225233
0.00012552858
0.00012476767
0.00013371862
0.00013437166
0.00012420529
0.0001395635
0.00014280421
0.00016119153
0.0001608706
0.00016079664
0.00013800569
0.00013970367
0.00013552746
0.00013186871
0.00013412827
0.00013489324
0.00012781022
0.00013945935
0.0001304212
0.00013585912
0.00011952567
0.00013550041
0.00012499938
0.00012663171
0.00012985421
0.00013799375
0.00014578417
0.00015341727
0.00013362314
0.00014167517
0.00014345129
0.00013037251
0.00012786452
0.00012762545
0.00012175133
0.00013825884
0.00012920687
0.00014530746
0.00013271076
0.00014159355
0.00014261464
0.00014373487
0.00015218874
0.00014745898
0.00013324036
0.00013551979
0.00013279319
0.00014621325
0.00013918052
0.00013547135
0.00012512214
0.00012458804
0.00013352703
0.00012997243
0.0001201151
0.00013286248
0.0001274461
0.00012387116
0.00013742417
0.00012791534
0.00013527124
0.00013435582
0.00014620389
0.00015234886
0.00015358559
0.00016505583
0.00015893175
0.0001640504
0.00017145347
0.00015496731
0.00015572898
0.00015105528
0.00014242058
0.0001509494
0.00013869105
0.00015476761
0.00016268443
0.00015671906
0.0001334184
0.00013871635
0.0001211675
0.00013053272
0.00012755482
0.00011899183
0.00011585603
0.00012106288
0.00010999367
0.00012583445
0.00011999859
0.00012999567
0.00014138349
0.00013428714
0.00012938513
0.00014443652
0.0001462195
0.00015633171
0.00016101439
0.0001504886
0.00013460331
0.00012646581
0.00013061949
0.00013292147
0.00013144598
0.00013561038
0.00014114968
0.00014778886
0.00014659126
0.0001526592
0.00014721759
0.00013631946
0.00014183539
0.00013930875
0.00013271651
0.00014828973
0.00015552054
0.00015500865
0.0001491181
0.00013942599
0.00013820345
0.00013168185
0.00014076532
0.00014145519
0.0001357211
0.00013473719
0.00013111201
0.00014025435
0.00012953124
0.00013350746
0.00011859143
0.00013083149
0.00013186706
0.00013220537
0.00012818585
0.00013229133
0.00013412948
0.00013663898
0.00012961986
0.00013399477
0.00013713375
0.00014305178
0.00014103067
0.00013966311
0.00012366626
0.00012431633
0.00013185331
0.00013741159
0.00014637137
0.00013876834
0.00012492085
0.00014020047
0.0001565072
0.00014655753
0.00013547038
0.0001378503
0.00014086933
0.00014371241
0.00014135102
0.00012816321
0.00014203671
0.00014530642
0.00013843918
0.00014134214
0.00013922703
0.00012524924
0.00012441524
0.00011349682
0.00010950013
0.00011304077
0.0001106903
0.0001211685
0.00011861091
0.00014372417
0.000147569
0.00015218517
0.00014859823
0.00015038307
0.0001488215
0.00015979028
0.00014407743
0.00014395707
0.0001325399
0.00013735162
0.00013075761
0.00012171309
0.00011972696
0.0001159644
0.00011669552
0.00013047814
0.00014337048
0.0001466909
0.00014218035
0.00012682171
0.00012999091
0.00013346183
0.00013900638
0.00015508461
0.00014398236
0.00015133633
0.00016339436
0.00016511613
0.00015811393
0.00014979087
0.00014700518
0.00014339187
0.00014496095
0.00015095103
0.00012862861
0.00013687197
0.00013791873
0.00013129403
0.0001282609
0.00013121708
0.00014376259
0.00015073744
0.00013783186
0.00014435436
0.00015037101
0.0001410139
0.0001374195
0.00012756124
0.00013574369
0.00012762203
0.00014415786
0.00014942204
0.00014329391
0.00014039339
0.00013854905
0.00016209628
0.00016966479
0.0001581711
0.00014469308
0.00014823932
0.00013985423
0.00012469881
0.00012728842
0.00012194479
0.00011101469
0.00012842309
0.00012473881
0.00013856358
0.00012660427
0.0001298871
0.00012475575
0.0001191664
0.00012550577
0.00011923252
0.00011148828
0.00013529365
0.00013247588
0.00015276649
0.00014595306
0.0001470826
0.000137604
0.00012892098
0.00013873166
0.00013013529
0.0001376675
0.00013919405
0.00014102347
0.00013676215
0.00013320082
0.00013545232
0.00013145952
0.00015469961
0.00014011553
0.00013747952
0.000129501
0.00012462898
0.00011962863
0.00013298164
0.00012667076
0.00014663968
0.00014680932
0.00013729552
0.00014380917
0.0001272678
0.0001316764
0.0001390847
0.00015157433
0.00014590918
0.00015136155
0.00014029564
0.00014101632
0.00015296921
0.0001488036
0.00015120796
0.00015683619
0.00015648465
0.00015849591
0.00016077557
0.00014950587
0.00013756927
0.00012736992
0.0001397811
0.00013406173
0.00012855776
0.00012933222
0.00014296139
0.00014583108
0.00015424582
0.0001501097
0.00015390847
0.00014684202
0.00015002795
0.0001493437
0.00014241088
0.00014174249
0.00013304863
0.00013620015
0.00013422212
0.00013064313
0.00013022629
0.00012954251
0.00013650604
0.00012922969
0.00013825895
0.00013669299
0.0001379056
0.00012391817
0.00012039667
0.00014527866
0.00013644524
0.00014252736
0.00012772115
0.00013553031
0.00016572652
0.00014207335
0.00014692762
0.0001477522
0.0001557769
0.00015143608
0.00014192226
0.00014124375
0.00013645791
0.00013270935
0.000127596
0.00013839597
0.00013001584
0.00013777532
0.00015042505
0.00012947266
0.00013997934
0.00013398217
0.00014560385
0.00013874195
0.00013920525
0.00013925194
0.00013685336
0.00013200718
0.00013320642
0.00013429011
0.00012780069
0.00013652871
0.00014439456
0.00013779652
0.00013123987
0.00012602158
0.00012402874
0.00013664384
0.0001409526
0.000148454
0.00013401629
0.00014504089
0.00014245607
0.00015142759
0.00015692021
0.00015055513
0.00014067392
0.00012874178
0.00014930527
0.00015772582
0.00015138427
0.00014473652
0.00015017016
0.00015088036
0.0001523739
0.00015316172
0.00013965107
0.00013856859
0.0001354389
0.00013740904
0.000134229
0.00012413973
0.00012822828
0.00013452262
0.00013803147
0.00012287165
0.00012044944
0.00012641266
0.00012897618
0.00013806862
0.00014963065
0.00015308902
0.00015857643
0.00014536417
0.00014788162
0.00014388596
0.00014575704
0.00014103218
0.00014848759
0.00015261199
0.00014400412
0.00014408997
0.00014302617
0.00014954561
0.00014924764
0.00014640298
0.00013568395
0.00013026562
0.00013372575
0.00013145905
0.00015135211
0.00014847754
0.00015199819
0.00015496731
0.00015360555
0.00013783737
0.00016040988
0.00013505596
0.00012822949
0.00012043776
0.00011749917
0.00011940648
0.00012930612
0.00012992049
0.00014961951
0.00016730773
0.00016221443
0.00015339198
0.00014531902
0.00012882969
0.00014174491
0.0001382946
0.00014666951
0.00014488666
0.00015769307
0.00015440513
0.00013720656
0.00013406047
0.00013366139
0.00012666399
0.00012999339
0.00012844971
0.00012852096
0.00012106967
0.00014020463
0.00013957644
0.00013829098
0.00012724297
0.00014073222
0.00014253826
0.00014428
0.00012223154
0.00014053232
0.00014240356
0.00014588792
0.00013553601
0.00014124611
0.00015632018
0.00016293142
0.00016931948
0.00016397383
0.00016646834
0.00017641804
0.00016173779
0.00016442843
0.00013936091
0.00014270186
0.00012960025
0.00012705041
0.00012831723
0.00013535412
0.00013190082
0.00013194217
0.00013371131
0.00012560088
0.00012535293
0.00013198379
0.00012656518
0.00013869069
0.00013637566
0.0001468254
0.0001323864
0.00013928966
0.00012712067
0.00013294763
0.00014069573
0.00014086336
0.00014355587
0.0001456922
0.00013869466
0.00014532975
0.00012497369
0.00012209341
0.00012277614
0.00013346686
0.00012228163
0.00012088829
0.00013146903
0.00013832231
0.00012955409
0.00014768447
0.00014799178
0.00015316636
0.00014954172
0.00014352509
0.00013215635
0.00013349866
0.00012682098
0.00014007261
0.00013336555
0.00013835572
0.00013043352
0.00012494205
0.00012488131
0.00013715511
0.00014193025
0.00013980367
0.00013894115
0.00013067386
0.00012714534
0.00012929305
0.0001255903
0.00012060724
0.00012122475
0.00013596328
0.00013578925
0.00014795438
0.00014298284
0.00013740598
0.00014188595
0.00013487837
0.00012350581
0.00012344703
0.00012194679
0.00012485018
0.00014823012
0.00015113819
0.00012530673
0.00012251886
0.0001223255
0.00012928942
0.00012696493
0.0001331965
0.00013309714
0.00012795278
0.00012886488
0.00012666839
0.00012692661
0.00012391927
0.00013052777
0.00012324652
0.00013264834
0.00013828968
0.00013186988
0.00013924765
0.00013542705
0.00012322017
0.00011902845
0.00012736922
0.00012413313
0.00013378171
0.00013173972
0.00013370957
0.00013817064
0.00012614137
0.00013065138
0.0001271674
0.00013833032
0.00014675254
0.00013377977
0.00013247728
0.00014247204
0.00013811147
0.00012955983
0.00012186029
0.00013323015
0.00013544921
0.0001397165
0.00014685867
0.00014837177
0.00014475847
0.00015647839
0.00015849752
0.00016195044
0.00016797213
0.00016427345
0.00016135704
0.00014337389
0.00013945568
0.00012955746
0.00015188501
0.00013916025
0.00013218508
0.00012829149
0.00014068503
0.00013172766
0.00013496507
0.00013341799
0.00012163439
0.00012026358
0.00013385215
0.00014392095
0.00015862492
0.00014632408
0.00014197738
0.00014944036
0.00013554078
0.00012546536
0.0001328027
0.00012536512
0.00014093527
0.00013576967
0.00015317782
0.00014196609
0.00013934696
0.0001347429
0.00013874815
0.00013990304
0.00016374159
0.00013872923
0.00013506549
0.0001600209
0.00014804063
0.00014311693
0.00014470207
0.0001530749
0.00014375334
0.00013740301
0.00014015367
0.0001379239
0.00015501275
0.00014307257
0.00013715891
0.00013462734
0.00012852945
0.00012747323
0.00013122187
0.00014085962
0.0001500326
0.00013779455
0.00014557794
0.00013694204
0.00013887311
0.00013587273
0.00012596417
0.00012063657
0.00012412671
0.00013093668
0.00013381096
0.00015315923
0.0001624878
0.00014917085
0.00013905163
0.00013826241
0.0001339819
0.00013301251
0.00013396167
0.00012989896
0.00015100013
0.00013187122
0.00013234515
0.00012636369
0.00012613691
0.00012917612
0.0001299174
0.00012269058
0.00012844203
0.00013201273
0.0001528353
0.00016431374
0.00015077714
0.00013111056
0.00012941473
0.00013762472
0.00012946182
0.00013387829
0.00013549698
0.00014105894
0.00014736184
0.00014000069
0.00014425973
0.0001310925
0.00013054937
0.00012515354
0.00013151826
0.00012094213
0.0001286578
0.00013166566
0.00013283643
0.0001396311
0.00014574542
0.00014856135
0.00013822158
0.00014204768
0.00014013411
0.00014318888
0.00012616737
0.00013954501
0.00015599912
0.0001406548
0.00015399175
0.00013540239
0.00014243706
0.00013795983
0.00013810141
0.00014085316
0.00015550717
0.00015571565
0.00014379988
0.00013481075
0.00012926274
0.00012631172
0.00012533696
0.00012716818
0.00013603243
0.00013890918
0.0001451118
0.00013596724
0.00013483217
0.0001366323
0.00014254064
0.00014581024
0.00014329497
0.00014387828
0.00013483838
0.00014163567
0.00013733707
0.00013961361
0.00013918084
0.00013112148
0.00014812829
0.00014534316
0.00013294631
0.00012102753
0.0001381872
0.00012947659
0.00012247383
0.0001307547
0.00013160327
0.00014064334
0.00015042259
0.0001507596
0.00016839656
0.00015503588
0.00015958896
0.0001548484
0.00015671263
0.00014348469
0.00013642075
0.00012767538
0.00013137517
0.00013624163
0.00013251921
0.00013662794
0.00013515119
0.0001430606
0.00014762438
0.00014067498
0.00013589223
0.00013318299
0.0001363583
0.00013189982
0.00013301992
0.00012761755
0.00012300047
0.00012332282
0.00013335622
0.00014451665
0.00014749991
0.00014563686
0.00015201263
0.00014750517
0.00013752174
0.00013424118
0.00015358888
0.0001461784
0.00014210652
0.00013259664
0.00012569915
0.00012589298
0.00013844783
0.00016264849
0.00016416325
0.00020055541
0.00017718747
0.00016891368
0.00015610408
0.00015108122
0.00014767785
0.00016330007
0.00017799845
0.00017340421
0.00016815446
0.00016105168
0.00014707315
0.00014326214
0.00014959616
0.00013780138
0.0001358271
0.00013428083
0.00013227803
0.0001274426
0.00014202038
0.00013015342
0.00013707137
0.00012561397
0.00011879
0.00012108513
0.00014085194
0.00013485655
0.00013189992
0.00014067589
0.00013200652
0.00012295592
0.00013215843
0.00013121218
0.00013128237
0.00014242202
0.0001597445
0.00014053422
0.00014658388
0.00015814014
0.00013828377
0.00012796237
0.00012312055
0.0001241556
0.00012170104
0.0001355324
0.00015340499
0.0001338759
0.00014356101
0.0001367687
0.00013583308
0.00013034382
0.00012867182
0.00013047734
0.00013895022
0.00013860972
0.00012059991
0.00013009477
0.00013285851
0.00013094776
0.000146489
0.00015198036
0.00015753905
0.00014387279
0.00015795317
0.0001378184
0.00014145087
0.00014271575
0.00013912639
0.00013214577
0.0001315112
0.00012617702
0.00012335321
0.00013152156
0.00013442912
0.000142814
0.00014396517
0.00013039688
0.00014014047
0.00016321234
0.00014574326
0.00014606503
0.00013628526
0.00014503259
0.00014040489
0.00013668116
0.00012957408
0.00012642785
0.00013326717
0.00012732427
0.00013105014
0.00013904725
0.00014147565
0.00014023329
0.0001487329
0.0001499833
0.00014869043
0.00013555816
0.00015133547
0.00016184168
0.00015041133
0.00015311878
0.00013925698
0.00012741229
0.00013802053
0.00014162284
0.00014966809
0.0001314412
0.00013307923
0.00013789339
0.00013938181
0.00013029218
0.00013555473
0.00013963966
0.00013805564
0.00013659355
0.0001414577
0.00014468023
0.00015051428
0.0001452057
0.00015479182
0.00015983808
0.00014845872
0.00014134671
0.00015362068
0.00015911403
0.00014504079
0.00014850584
0.00014647576
0.00014319663
0.00013758049
0.00014743625
0.00016582412
0.00016193955
0.00015618334
0.00015520724
0.00013912702
0.00014715742
0.00013200698
0.00012135002
0.0001375976
0.00014006299
0.00015111181
0.00016767195
0.00015128668
0.00012394757
0.00012235771
0.00012365952
0.00012808276
0.00013173142
0.0001341004
0.00012911569
0.00013376991
0.00012979957
0.00013518704
0.00012872331
0.00013216366
0.00013082109
0.00013282052
0.0001355459
0.00013301826
0.00014716301
0.00015486295
0.00013807101
0.00013490314
0.00013731919
0.00013881485
0.00013175765
0.00013494296
0.00012185363
0.00013389768
0.00013042869
0.00014112267
0.00013410537
0.00014210924
0.00013532211
0.00012408309
0.00012550115
0.00013978896
0.00013905496
0.00014627021
0.00013796001
0.00015642353
0.00014698707
0.00014211546
0.00013205347
0.0001211832
0.00012057741
0.00011897995
0.00012944356
0.00013392325
0.00014461189
0.00014831397
0.0001449094
0.00014987669
0.00015724288
0.00015767008
0.00015637562
0.00015875947
0.00014856232
0.00013591147
0.00013348944
0.00013427205
0.00014765596
0.00014310581
0.00012900984
0.00013364883
0.00012232981
0.00014677401
0.00014388863
0.00015030241
0.00013020026
0.00013653079
0.00014691241
0.00014160534
0.00014310516
0.00016762323
0.00016098607
0.00015822174
0.00015103864
0.00015356335
0.00014186286
0.00014111178
0.00013362762
0.00013340528
0.00012789724
0.00013307929
0.00012753641
0.00012068259
0.00013930946
0.00013199755
0.0001371301
0.00013771295
0.00013816487
0.0001431384
0.00015673057
0.00015014263
0.0001425226
0.00014272128
0.00013014779
0.00014267694
0.00015562592
0.00015463827
0.00014188363
0.0001439326
0.00012206033
0.00012634758
0.00014708412
0.00016796018
0.00016146577
0.00015205391
0.00014460922
0.00016420651
0.0001525141
0.00014382469
0.00014625449
0.00014754138
0.00012496241
0.00013898396
0.00013031667
0.00013039198
0.00012189469
0.00013662089
0.00012810674
0.00013641402
0.00014782024
0.00014989096
0.00014762632
0.00014780783
0.00015591379
0.00017175948
0.00017876363
0.00017445432
0.00017143016
0.00015646618
0.00015126138
0.00014378526
0.00014665436
0.00013953316
0.00013617688
0.0001353284
0.00014409197
0.00014427048
0.00013099067
0.00013363556
0.00013570952
0.00013670306
0.00013334071
0.00013865277
0.00013639785
0.00013569282
0.00013432186
0.0001395362
0.00012733592
0.0001340334
0.00015513895
0.00014861461
0.00013988494
0.00014464799
0.00013624972
0.00014141461
0.00013518894
0.00013105786
0.00012630068
0.00013984212
0.00014377766
0.0001477345
0.00014871881
0.00015751247
0.00016055857
0.00015317161
0.00016765868
0.00014505383
0.00013635755
0.00013025149
0.00014470612
0.00014207913
0.0001507511
0.00015471473
0.00015513716
0.00016261938
0.00014417261
0.00014664923
0.00012642245
0.00013636049
0.00013347432
0.00014553399
0.00014285173
0.00014713537
0.00013102723
0.00013530114
0.00013144793
0.00013023881
0.00013008685
0.00013469435
0.00013619502
0.00014775862
0.00014821128
0.00016112278
0.00014448345
0.00014072922
0.00013250961
0.00014036655
0.00013684592
0.00014275573
0.00013340081
0.00014527014
0.00014337832
0.0001377651
0.0001255316
0.0001312111
0.0001340666
0.0001304218
0.00013800923
0.0001480764
0.00013876285
0.00012134363
0.00011330333
0.00011629037
0.0001181465
0.00012705716
0.00012248902
0.00012633954
0.00015586502
0.00014830968
0.00015074428
0.00015610394
0.00013899412
0.00015421889
0.00014292696
0.00013695118
0.00015020683
0.00013363383
0.00013706314
0.00014177963
0.00014047226
0.00015207674
0.00014820324
0.0001434091
0.00014168935
0.00013099884
0.00013924613
0.00013161861
0.00012352881
0.00013121013
0.00013541068
0.00015275059
0.00014281718
0.000156273
0.00014899387
0.00015360688
0.00014289991
0.00014887945
0.00016935547
0.00015237951
0.0001450929
0.00014543838
0.00015245556
0.00015748151
0.00014259578
0.00013485091
0.00012788109
0.00011564665
0.00011785569
0.00013146992
0.00012972001
0.00013318503
0.00014275033
0.00013901514
0.00012274969
0.00013105496
0.00013564914
0.0001409112
0.00014287241
0.00013067737
0.00014401313
0.00015134017
0.00015510947
0.0001581816
0.00014687753
0.00015270961
0.00015314933
0.00014945616
0.0001325099
0.00014634206
0.00014474762
0.00014047158
0.00012016302
0.00013430638
0.00013597868
0.00015359586
0.00014661056
0.00014630651
0.00013874028
0.00013095301
0.00013726932
0.00012533254
0.00014241725
0.00014441291
0.00013091711
0.00014267114
0.00013639833
0.0001265931
0.00012664476
0.00013674196
0.00014436323
0.00014655038
0.00014605902
0.00014354315
0.0001556895
0.00016938502
0.0001842479
0.00017530845
0.00015327555
0.00014478587
0.00014276604
0.00013977109
0.00012816723
0.00012291294
0.00013579937
0.00014217199
0.00012786428
0.00012146393
0.00011812584
0.00012780281
0.0001240411
0.00013007661
0.00013575529
0.00013618377
0.00013472825
0.00014411475
0.00014944374
0.00013797477
0.00013665362
0.00012761499
0.00012419614
0.00013987781
0.000142109
0.0001445362
0.00013539419
0.00012396249
0.00012322303
0.00012091009
0.00013276662
0.00014586208
0.00013609689
0.00013940019
0.00014569289
0.00013875929
0.00013514491
0.0001570902
0.00015467044
0.00016669216
0.00015970359
0.00016117771
0.0001316552
0.00013735581
0.00014711427
0.0001348567
0.00013001203
0.00013757633
0.00014760682
0.00015503496
0.00014406198
0.00013474205
0.00015143737
0.00014516157
0.00014706143
0.00014067327
0.00012725941
0.0001333231
0.00014006516
0.00014822957
0.00014366864
0.00013572034
0.00012119243
0.00013108175
0.00013185808
0.00013364084
0.00012891791
0.00013025547
0.00011849177
0.0001272875
0.00012281244
0.00012855754
0.00012449996
0.00014081042
0.00014029424
0.00014321314
0.00014839748
0.00014875391
0.00013522667
0.00012984879
0.00014507041
0.00012657406
0.00012259429
0.00013913231
0.00014271538
0.00014333472
0.00014048844
0.00015471625
0.00015795247
0.00015720563
0.00013485627
0.0001227792
0.00011766237
0.00011736752
0.00011591291
0.00012902123
0.00014326138
0.00014939598
0.00015803443
0.00013989971
0.00014353874
0.00013917609
0.00013946696
0.00013934601
0.00013034914
0.00014228165
0.00013462124
0.00013640478
0.00013795042
0.00013645778
0.00014006936
0.00013147334
0.00012465134
0.00012956596
0.00013620182
0.00014173839
0.00012957756
0.00014545754
0.00016037096
0.00018917148
0.0001706739
0.00015818195
0.00014675188
0.00015097553
0.0001426649
0.00013694045
0.00013020785
0.00012997299
0.00013386273
0.00014161253
0.00014676586
0.00014239365
0.00013172041
0.00012561037
0.00012478658
0.00013500346
0.00013749777
0.00013780415
0.00013659196
0.00015521564
0.00016499206
0.00014096601
0.0001282148
0.00012457228
0.0001326102
0.00014019575
0.00013207772
0.00013721181
0.00014291078
0.0001422315
0.00012508275
0.00013563758
0.00013832967
0.00013524665
0.00012846749
0.00012664726
0.00012514856
0.00012969003
0.00013788008
0.00013637039
0.0001519991
0.00014883612
0.00013418708
0.00014118683
0.00015144232
0.00015914203
0.00014250965
0.00015197456
0.0001533318
0.00014413421
0.00013021444
0.00013591943
0.00013269056
0.00014403449
0.00014319269
