0.99172448
0.1485574
0.17831509
0.065629782
0.11885921
0.12647079
0.20443549
0.25695655
0.23407516
0.3409277
0.32027374
0.38615865
0.35986622
0.44606502
0.36897112
0.51266396
0.38270137
0.51768991
0.36648233
0.54222643
0.37755361
0.52563184
0.38541321
0.50280566
0.39149567
0.54083337
0.39183006
0.48987508
0.38900533
0.46711277
0.42111068
0.49302252
0.45008654
0.52790069
0.46964182
0.54513211
0.45856626
0.54628077
0.46264003
0.57267716
0.46983557
0.60087448
0.48308102
0.54706124
0.44183819
0.53355564
0.42859092
0.55814921
0.44350752
0.56126408
0.43902464
0.57802794
0.44946475
0.62321855
0.47045314
0.53705485
0.46378683
0.53024346
0.41635201
0.57743841
0.42136459
0.44474731
0.40720159
0.45565058
0.39084109
0.46919297
0.39772723
0.47812699
0.41070856
0.53379538
0.4294185
0.52657248
0.42955261
0.57043595
0.47124946
0.56317618
0.46279421
0.5634847
0.46748604
0.56316253
0.46631892
0.5256306
0.43446944
0.55030201
0.44724616
0.52750486
0.44644795
0.57564419
0.48091782
0.55017483
0.48017494
0.54997204
0.47186821
0.55890574
0.45594519
0.55663852
0.47343953
0.54814382
0.46796556
0.55472949
0.48096927
0.56139938
0.4753637
0.5731351
0.46113884
0.57212874
0.46648933
0.54067857
0.44140903
0.54766939
0.45518605
0.56886696
0.45854849
0.56807164
0.45997968
0.56889436
0.47963791
0.57349995
0.49087138
0.5492546
0.47982787
0.54847187
0.47889086
0.55308182
0.47941087
0.57303075
0.48837637
0.54158769
0.46734526
0.53328328
0.45820762
0.53574953
0.44793021
0.56072531
0.44846463
0.51456372
0.45617318
0.56176945
0.476293
0.5678121
0.4593625
0.56681526
0.487314
0.58038421
0.50254734
0.57829611
0.50488525
0.51675478
0.4736511
0.52310067
0.44918697
0.55515698
0.44621175
0.57711017
0.4661664
0.55090488
0.4938068
0.55570061
0.48893129
0.54243156
0.48018042
0.57107118
0.49163925
0.57836913
0.48217853
0.57560512
0.48950988
0.54343315
0.47226926
0.54359495
0.44486999
0.5643189
0.46054048
0.50917002
0.44704517
0.54794627
0.4750885
0.55739347
0.47382148
0.56384841
0.46361677
0.55973051
0.47646387
0.54992025
0.45823555
0.56210958
0.48644605
0.56579253
0.4802354
0.55223772
0.48189317
0.52398194
0.46437929
0.54422663
0.46732627
0.55790644
0.45538617
0.55903103
0.45258426
0.56609671
0.4819354
0.56687255
0.49784042
0.57882757
0.49974525
0.56479784
0.49462735
0.55415769
0.46783494
0.53971445
0.46277973
0.54143461
0.47921965
0.54005327
0.46828321
0.52400702
0.45496887
0.55839164
0.47741257
0.59921114
0.48059419
0.55213264
0.47930268
0.5149762
0.45396044
0.56510249
0.48246135
0.56916889
0.47884924
0.54712966
0.48250359
0.56844556
0.5044729
0.55308598
0.48324072
0.53552056
0.45184594
0.54308739
0.44537727
0.53672924
0.45439616
0.53523366
0.47867684
0.53592366
0.45855918
0.52991258
0.43700399
0.54069379
0.45552674
0.563707
0.46603621
0.55588375
0.4896487
0.52308388
0.46317946
0.52651052
0.44688913
0.55672589
0.45858889
0.55165622
0.47587337
0.56331336
0.47908776
0.55186079
0.49566261
0.5836073
0.49644588
0.56200124
0.48303371
0.55833745
0.4994522
0.52669962
0.4769523
0.53735358
0.46867818
0.56428366
0.48098849
0.58441634
0.46986081
0.56035518
0.48257912
0.51481336
0.46073202
0.53474804
0.4605292
0.5268061
0.46404409
0.54754142
0.48656798
0.52071297
0.46882244
0.51135571
0.43090552
0.54424488
0.44564511
0.53830751
0.45748368
0.54265285
0.47326337
0.55091001
0.4654153
0.56108108
0.47928965
0.55493515
0.48503187
0.53677967
0.48328645
0.56885968
0.49894206
0.56497292
0.49292407
0.54484755
0.47160561
0.53372196
0.45802929
0.52739506
0.45874142
0.54232829
0.46087602
0.55963951
0.47758624
0.55091
0.48694027
0.52333866
0.45022142
0.55932239
0.47738156
0.54688303
0.47336597
0.53666529
0.44756226
0.53459722
0.44394987
0.55234172
0.4647659
0.55380361
0.46363427
0.56339227
0.48110061
0.55188209
0.49110975
0.58196478
0.50500253
0.5630143
0.50357873
0.58370515
0.50128921
0.57213982
0.50778311
0.55503538
0.46978393
0.53610421
0.46501402
0.54760783
0.46407125
0.53521368
0.44805336
0.55149666
0.47245323
0.57182774
0.4793941
0.5859168
0.48465642
0.54051874
0.4709914
0.54714253
0.48359236
0.5653699
0.47779544
0.55195653
0.46486828
0.5477019
0.47593627
0.57391914
0.47866671
0.56345653
0.48451064
0.55269939
0.48535291
0.56624868
0.47829723
0.56381549
0.46803306
0.53923452
0.46233001
0.53129089
0.45615699
0.54581536
0.46278812
0.53354852
0.45046103
0.531297
0.44874087
0.54085664
0.45662667
0.57360992
0.48046706
0.5634851
0.49595305
0.56148989
0.48763736
0.53497015
0.46858994
0.51705178
0.44944586
0.55684867
0.45578765
0.536913
0.48187156
0.50710523
0.46562085
0.55100052
0.47327492
0.56562368
0.47718573
0.55048687
0.4797581
0.56177447
0.48748091
0.53351314
0.47170131
0.57450676
0.4702023
0.55284793
0.46971026
0.56472583
0.46506543
0.56477144
0.48525378
0.53798907
0.47367217
0.56887751
0.49294905
0.53112352
0.46232219
0.54959657
0.46330889
0.54477827
0.45512649
0.5649317
0.48506391
0.55316692
0.47774712
0.55549439
0.46380077
0.52126818
0.478194
0.54785097
0.47128223
0.56430232
0.46830801
0.52917637
0.44842354
0.52971224
0.45088218
0.55665931
0.47564189
0.55101043
0.47804978
0.54035505
0.46844491
0.56655413
0.49257767
0.5412888
0.46020776
0.55429778
0.48145555
0.57718783
0.49745413
0.55934959
0.48349068
0.53272301
0.4752816
0.5616265
0.48175077
0.55383938
0.4576616
0.53931974
0.4685821
0.57118851
0.46283023
0.51319939
0.44970272
0.54129178
0.47780583
0.55807885
0.49231512
0.5764942
0.48380004
0.5209763
0.47937948
0.5243904
0.46604628
0.5593012
0.46436564
0.53624169
0.4448057
0.55442579
0.46991652
0.55673627
0.47044016
0.5404666
0.4618138
0.54564362
0.4697137
0.56762233
0.47471442
0.51816495
0.46038754
0.52515865
0.47824175
0.56533591
0.46929864
0.53217537
0.45961706
0.54841324
0.45322373
0.55238783
0.48034534
0.57184836
0.47322276
0.54052017
0.46779579
0.55231942
0.48103099
0.5591091
0.47111798
0.56541624
0.47138225
0.57179588
0.48252219
0.55824122
0.49030833
0.55174343
0.48960965
0.54271008
0.46270873
0.5429456
0.45065038
0.55763048
0.45695177
0.52414217
0.45940691
0.55728374
0.49052225
0.57075758
0.49509175
0.54286722
0.46049101
0.55041588
0.47596728
0.54184129
0.47333728
0.55110061
0.48368039
0.55627089
0.47820326
0.54429567
0.47799345
0.54180189
0.46299693
0.55874455
0.45600193
0.54792666
0.4700952
0.55305372
0.48802483
0.55549392
0.47000285
0.55335279
0.49478094
0.56772497
0.48993027
0.58245951
0.48396282
0.52279637
0.45818318
0.50673314
0.43886629
0.5321774
0.45103051
0.5577793
0.48363035
0.55752584
0.46765863
0.55047007
0.47112763
0.53883545
0.46301877
0.54068471
0.45451187
0.54326831
0.47158972
0.54432604
0.46107907
0.54379592
0.48370171
0.56354508
0.48858685
0.57821584
0.48451834
0.56088544
0.46985766
0.54137099
0.47749353
0.55187449
0.47889204
0.55060059
0.478469
0.53148777
0.46394704
0.57146822
0.48367066
0.52824038
0.46259367
0.54432167
0.47513642
0.53083566
0.44564444
0.53799452
0.45069943
0.54653589
0.46379239
0.56978246
0.48260911
0.53720517
0.487822
0.55091768
0.48634658
0.5837438
0.48843698
0.53987238
0.46192367
0.53924732
0.45777319
0.53666214
0.45737527
0.55288924
0.4787921
0.5480519
0.47801231
0.55237161
0.48714579
0.55723513
0.45682172
0.54889353
0.4595996
0.54101484
0.45976166
0.5709258
0.47173471
0.58903375
0.4642789
0.57447517
0.49863007
0.54508221
0.48931189
0.53431227
0.46693181
0.53293872
0.47146429
0.55740555
0.47133792
0.5331392
0.462987
0.58804761
0.48310044
0.57372467
0.4796091
0.55684167
0.48817671
0.5712027
0.48618861
0.54557993
0.47704741
0.53995862
0.46353333
0.53221275
0.46622008
0.52425963
0.45647762
0.53946554
0.46674257
0.52173835
0.45916797
0.5405768
0.45763863
0.51138094
0.43029958
0.55944042
0.45915519
0.5595207
0.47999522
0.54623576
0.47669218
0.54442164
0.47152693
0.5608494
0.46899832
0.59983668
0.48806952
0.56395049
0.50778326
0.5455742
0.48518551
0.54427371
0.46351469
0.57043767
0.48166875
0.53721624
0.47757217
0.52816923
0.43752053
0.55740044
0.44981396
0.57197022
0.4529487
0.58223136
0.47762228
0.57090519
0.51016769
0.53729442
0.47707714
0.5530879
0.46948805
0.54478755
0.44902975
0.55783139
0.46317889
0.55152016
0.50494214
0.53194938
0.4653335
0.53430633
0.45588095
0.53826741
0.44096035
0.54242851
0.44576377
0.5456639
0.46384093
0.57554002
0.48130567
0.55434459
0.47700685
0.54993218
0.49761772
0.5529928
0.49459069
0.57223646
0.49193997
0.55136797
0.47250615
0.56489896
0.47298419
0.54251007
0.4619725
0.54582655
0.43989303
0.53544654
0.46606271
0.53554611
0.44691114
0.53554911
0.45054731
0.54265399
0.45630237
0.56134877
0.48696445
0.52942269
0.47526784
0.56601388
0.4809111
0.52878212
0.46150704
0.54513606
0.47460842
0.56400426
0.47804913
0.54490628
0.46586305
0.55512287
0.4796086
0.56145367
0.48473792
0.5600712
0.46875452
0.52571962
0.47593834
0.54791435
0.47366233
0.53122391
0.44665642
0.56107618
0.4752282
0.53055616
0.46062328
0.55867166
0.48054035
0.5602141
0.47400716
0.55252977
0.47438327
0.56113152
0.47916272
0.5127708
0.44987789
0.52899239
0.46505126
0.57855368
0.46377855
0.55135114
0.47356398
0.55566714
0.47284965
0.55944927
0.4692554
0.57331603
0.49227769
0.54781402
0.47672872
0.56807338
0.48261011
0.54652228
0.48909327
0.55519609
0.48619769
0.54649477
0.47183856
0.57116403
0.48277227
0.541053
0.46497531
0.54809031
0.48314318
0.54128518
0.4639388
0.55092105
0.47052842
0.53632328
0.46950232
0.53397778
0.47881993
0.54984076
0.46895155
0.53860545
0.4583344
0.5270226
0.46461796
0.55689096
0.48224594
0.55179874
0.48316523
0.56117115
0.48473713
0.51599726
0.45279845
0.5317383
0.46150843
0.54102492
0.45717755
0.56054454
0.47875587
0.55289338
0.4797792
0.5676029
0.49817393
0.55656436
0.47825584
0.55027598
0.45741136
0.5678009
0.48640058
0.54658563
0.48311346
0.52233125
0.47287606
0.52918058
0.46041798
0.54873214
0.4596303
0.54184026
0.46744568
0.51551682
0.45912807
0.54357504
0.46777583
0.56258735
0.48202589
0.56377403
0.47558876
0.54963055
0.45668191
0.55214084
0.48285838
0.53741976
0.47574962
0.5631169
0.48511414
0.53995606
0.47516454
0.54588018
0.475555
0.5400146
0.48072886
0.53715513
0.46720664
0.53280172
0.46518629
0.55809561
0.47656915
0.54039603
0.47041622
0.52935282
0.45206236
0.52786302
0.45901644
0.55493844
0.47049544
0.54533746
0.4743394
0.54959757
0.4880916
0.56657453
0.48201348
0.55086699
0.47230907
0.55977696
0.49266362
0.55603797
0.49222454
0.52128282
0.46453169
0.53024516
0.46006137
0.50734898
0.43966446
0.53710588
0.46332445
0.56550105
0.47774688
0.54182287
0.47807712
0.54964587
0.49185943
0.56229009
0.46770617
0.55258204
0.47628968
0.54035724
0.49058388
0.52355201
0.46644645
0.52734396
0.44232884
0.53903899
0.44952339
0.54819273
0.46564369
0.51346722
0.46103988
0.55574123
0.47283629
0.52019179
0.43840388
0.53699878
0.4458948
0.52905817
0.44290562
0.53450802
0.4633584
0.53690761
0.47627701
0.53435623
0.4910701
0.58680527
0.51412468
0.58035101
0.51441706
0.53247504
0.48050226
0.5484763
0.47114224
0.55831653
0.48534245
0.56851624
0.48052565
0.55850526
0.49429951
0.51849708
0.4710925
0.55199279
0.47170817
0.55308674
0.4641788
0.54614816
0.4783039
0.56390955
0.47836163
0.55622149
0.46950234
0.55320871
0.47328757
0.55943664
0.48008489
0.56499048
0.47854811
0.54987282
0.46480223
0.51804201
0.44382728
0.56977423
0.47413084
0.54767076
0.4828478
0.53289754
0.47641293
0.54447542
0.46665154
0.56193064
0.45742748
0.51908647
0.44932329
0.52393305
0.46507938
0.53644989
0.46720999
0.53195719
0.45895695
0.53091368
0.44739442
0.54999181
0.47229903
0.55479376
0.47613203
0.5404391
0.47973385
0.56688015
0.49042019
0.56151772
0.48493873
0.5693018
0.49026883
0.53182976
0.47761975
0.51334524
0.45368438
0.52927401
0.46022089
0.52919252
0.44972403
0.52323222
0.45689427
0.54148684
0.45928272
0.55058734
0.48975983
0.54476507
0.46180355
0.53526241
0.46745518
0.54334414
0.46730342
0.56641978
0.47954268
0.53456651
0.46841395
0.53281898
0.48582472
0.55094598
0.48748528
0.54845558
0.46878301
0.54588554
0.47435391
0.53309897
0.47751795
0.57791758
0.49678727
0.53392221
0.47167535
0.56261698
0.48845829
0.53603349
0.44715198
0.51157125
0.44892135
0.53142868
0.43817936
0.53523706
0.45736312
0.56051203
0.48335177
0.55647818
0.50489975
0.54754572
0.47577126
0.52238172
0.4500979
0.5446953
0.45963904
0.52363069
0.46185262
0.52663021
0.46696007
0.5311738
0.45215109
0.52920585
0.45201262
0.57000677
0.46571124
0.56754008
0.48395558
0.55811707
0.49522798
0.53182497
0.4970945
0.56107377
0.49198176
0.57243866
0.48620441
0.55713103
0.48645179
0.56547519
0.47115123
0.54085064
0.4432328
0.5616931
0.48761712
0.56811953
0.47597761
0.56305494
0.5157358
0.54778358
0.48924596
0.52305074
0.46359649
0.55094023
0.47344109
0.57404022
0.46908955
0.56530209
0.50046891
0.55833169
0.49532487
0.5201594
0.47752464
0.55241756
0.47883197
0.53307453
0.46904602
0.56067169
0.48690771
0.54389391
0.45252903
0.51155334
0.44948495
0.53901407
0.45730996
0.55182125
0.47119861
0.54373824
0.46599707
0.53164552
0.45080142
0.56374658
0.45521175
0.54295976
0.46093005
0.55258153
0.48554856
0.56101278
0.47637611
0.5455027
0.47778768
0.57489792
0.50117085
0.56206598
0.48498472
0.57906209
0.49826643
0.54071728
0.47788968
0.56190394
0.49158368
0.55368817
0.47409995
0.53330419
0.44782532
0.5348232
0.44312814
0.52144112
0.42545149
0.55612838
0.45447338
0.58589722
0.48238257
0.56071613
0.4964829
0.54228895
0.48817872
0.55606922
0.47674803
0.54860467
0.47191593
0.54339837
0.47154829
0.5409541
0.47513838
0.53368876
0.45352911
0.49958983
0.4312489
0.52143087
0.44127362
0.50880776
0.44434465
0.56919378
0.48681907
0.50418639
0.48484894
0.55472585
0.48759685
0.55769308
0.46818705
0.53020017
0.46320238
0.52761387
0.45911362
0.56384009
0.49115176
0.54043302
0.48648455
0.53914149
0.47299575
0.54672647
0.45832451
0.56587045
0.47470867
0.54692148
0.48411423
0.58620596
0.5050207
0.54765188
0.47526545
0.49384038
0.45141031
0.51909384
0.44810304
0.53882409
0.44787803
0.57154474
0.47200413
0.57284952
0.47401335
0.58704661
0.49914583
0.57308731
0.49271185
0.55922105
0.49221709
0.54536769
0.47212602
0.55073772
0.48661422
0.55659077
0.47710312
0.55342632
0.4628126
0.57247972
0.48093053
0.55368762
0.50618875
0.56319726
0.48964607
0.54987934
0.48050084
0.54174335
0.44936544
0.51721014
0.44992087
0.53428465
0.45929121
0.54439341
0.44561219
0.54561401
0.47131341
0.57576483
0.49813892
0.5462315
0.47960355
0.50101739
0.44411649
0.52950408
0.45592989
0.54626923
0.457706
0.5417515
0.48213415
0.5327107
0.45125036
0.57372803
0.47694497
0.57646373
0.48082224
0.55041425
0.4831833
0.5439771
0.47028252
0.56824629
0.47674505
0.57104354
0.48048498
0.5667982
0.48643008
0.53968252
0.48350149
0.54865536
0.4776227
0.53377295
0.4737732
0.53347672
0.46536925
0.54994941
0.45909423
0.57909015
0.48187754
0.54352264
0.47698145
0.56822924
0.48878346
0.55598378
0.47424854
0.54963386
0.46821252
0.56910209
0.47709686
0.62254096
0.49752088
0.54117352
0.48250063
0.54584428
0.46811897
0.53144319
0.44638589
0.53281346
0.45401723
0.54338375
0.45805939
0.52124683
0.45138993
0.53655768
0.45127765
0.57113001
0.46417628
0.57017818
0.4822461
0.55371601
0.49590616
0.54321296
0.48114411
0.5424575
0.46328361
0.53243908
0.44970664
0.52684226
0.44182513
0.57019144
0.48774566
0.53052378
0.46523551
0.53289566
0.4647023
0.55802184
0.47833114
0.56298076
0.486328
0.55305604
0.48229338
0.52135163
0.47858605
0.53589443
0.45541182
0.56720115
0.4565098
0.54059374
0.46649609
0.56306311
0.4729333
0.57416468
0.47461749
0.53329005
0.47123701
0.55876712
0.48422357
0.53016036
0.44943223
0.51770415
0.44616603
0.54483284
0.46391208
0.54091672
0.47621412
0.55026774
0.47620174
0.54717882
0.46798622
0.56187071
0.48012271
0.55436787
0.4807982
0.57494285
0.5210998
0.54195634
0.48998255
0.55762507
0.46774955
0.55721206
0.46341423
0.55709487
0.47448186
0.55398438
0.48012431
0.55544564
0.46633112
0.55985152
0.46237089
0.53994332
0.4617736
0.55519479
0.48569188
0.53715206
0.46529568
0.54814794
0.4649897
0.54370707
0.45512346
0.56576055
0.47525172
0.56925097
0.50245073
0.56357828
0.48387543
0.56356668
0.4785116
0.53928324
0.47192991
0.54653234
0.46138345
0.55746412
0.47336516
0.55573568
0.47119164
0.569877
0.47764497
0.58819907
0.48776257
0.58761057
0.48198572
0.57238227
0.4824224
0.52773944
0.49662585
0.54292859
0.46644756
0.53364056
0.45949575
0.55643536
0.46672235
0.53539693
0.4756087
0.54041824
0.46353103
0.5202516
0.44931319
0.5132239
0.43166335
0.51373597
0.44383214
0.53743658
0.4654429
0.53448848
0.49053551
0.5677868
0.47536043
0.54838012
0.47243372
0.53792104
0.44854553
0.55192607
0.47154838
0.54927786
0.46795151
0.54708792
0.4624676
0.55166742
0.48978699
0.55907969
0.46936031
0.56088641
0.47818507
0.56552078
0.49024575
0.58644355
0.49156337
0.56263144
0.48505539
0.52986011
0.4954395
0.55321974
0.47806633
0.53919227
0.46183694
0.55499592
0.46362894
0.55720429
0.47534242
0.5466996
0.48315788
0.55861279
0.48285144
0.55824866
0.47192192
0.5596791
0.46708639
0.55285193
0.47955236
0.55577951
0.47800243
0.56384878
0.48708292
0.56628626
0.48290633
0.54539951
0.47801333
0.56066493
0.47158219
0.55807666
0.45586623
0.56961824
0.48601966
0.58333553
0.48414976
0.56504899
0.50517059
0.52124194
0.46661078
0.50220526
0.41956912
0.54403259
0.43927381
0.55379379
0.45558146
0.5489581
0.47894726
0.56279812
0.48223339
0.54306818
0.47139174
0.534746
0.46482279
0.53655681
0.46921139
0.53739737
0.4679979
0.56736965
0.4912798
0.54570939
0.46350655
0.5559046
0.48516548
0.55982374
0.47001173
0.5638901
0.47229386
0.55507743
0.48685753
0.57577027
0.49873033
0.58325156
0.50304939
0.53080255
0.48637243
0.5303581
0.47029472
0.5491632
0.4571202
0.53927036
0.46032939
0.55097588
0.45020058
0.54128172
0.46369578
0.51742524
0.45532872
0.54056511
0.44942898
0.54429321
0.46619056
0.53367089
0.46444791
0.53603758
0.44315206
0.54337021
0.47343335
0.5563452
0.48920011
0.53660198
0.47450059
0.55662393
0.48072455
0.56229926
0.48167807
0.55286363
0.47685606
0.55026077
0.47690171
0.51651855
0.45595221
0.51863837
0.44088618
0.53301759
0.45427112
0.51141165
0.43575249
0.51406411
0.44115865
0.54862147
0.46664733
0.56726258
0.48716053
0.54730946
0.50139828
0.56875763
0.50673591
0.54790793
0.47713494
0.52685745
0.4520656
0.51605377
0.4440297
0.55187686
0.45105815
0.58146323
0.48491734
0.5638556
0.48302114
0.52385154
0.47380113
0.55293698
0.46375657
0.54302323
0.46548947
0.54755737
0.47757216
0.54653237
0.48097062
0.53703771
0.47512133
0.56612027
0.4760906
0.54776652
0.46982514
0.54393036
0.48434156
0.5408905
0.49202483
0.56545571
0.48321128
0.5414772
0.4589427
0.56358522
0.46605228
0.55282896
0.48107667
0.53407545
0.47238624
0.53702936
0.46816294
0.54314606
0.47252768
0.55217424
0.47379001
0.52160487
0.44358067
0.56005025
0.45900059
0.5482763
0.47439018
0.54471038
0.47733386
0.56522346
0.50365795
0.52901304
0.46155461
0.54316831
0.46599944
0.55970127
0.47030886
0.54728318
0.4747917
0.54680912
0.47208417
0.57007895
0.48266388
0.52777173
0.46890666
0.57988085
0.50172027
0.5782734
0.48484503
0.5594246
0.48141369
0.55557467
0.47558945
0.55256185
0.49347141
0.57264055
0.50368012
0.54755285
0.4876135
0.55849874
0.46118571
0.54000368
0.45979971
0.55522279
0.47246538
0.54343087
0.47482273
0.53977417
0.47255854
0.51704563
0.44457745
0.52150259
0.43757192
0.54511645
0.44249148
0.55810508
0.4693568
0.54335493
0.47644115
0.55017971
0.49368541
0.55260654
0.48560901
0.57970832
0.48955542
0.55606465
0.47438244
0.57852784
0.48932897
0.56561749
0.49827794
0.58752259
0.49950398
0.55599327
0.47571244
0.50814322
0.45957625
0.55147973
0.45929751
0.54493851
0.46140261
0.53137377
0.45517951
0.54921769
0.45790678
0.56697921
0.48050311
0.528697
0.44952512
0.53983484
0.47182798
0.5631212
0.46831001
0.58404215
0.47548181
0.5728388
0.50434249
0.56361235
0.49480161
0.53834377
0.46602169
0.52605334
0.44502828
0.54016529
0.45072244
0.55458667
0.46551862
0.53357702
0.4509528
0.55951532
0.50122298
0.56302053
0.49903218
0.54786576
0.49493674
0.56511855
0.49119193
0.55238112
0.48116228
0.5581528
0.48200943
0.55863657
0.47663181
0.54069961
0.47515372
0.53667392
0.45548432
0.54408067
0.46786065
0.57270572
0.48459207
0.52476163
0.45499983
0.54310307
0.46784457
0.52719842
0.44537527
0.55834052
0.45311049
0.56171407
0.473784
0.53552353
0.45803815
0.56449822
0.48567753
0.53847293
0.45343141
0.55591578
0.47421383
0.53762981
0.45685058
0.55651057
0.46784466
0.54580904
0.46730149
0.52108947
0.45648575
0.545331
0.46205505
0.59259487
0.48109997
0.54177655
0.48433683
0.53943346
0.46531312
0.53308009
0.46506299
0.52174194
0.45055237
0.55436889
0.47880964
0.55874714
0.48725117
0.50675979
0.45629456
0.55679825
0.49312499
0.54957522
0.47432908
0.55043185
0.47419359
0.5591181
0.48819854
0.55510214
0.48145429
0.54920395
0.46285506
0.58443913
0.48128757
0.55024926
0.49860435
0.55488775
0.49338516
0.54889621
0.47222695
0.54844095
0.45789753
0.5754071
0.47134581
0.55710364
0.46349445
0.53290517
0.46708162
0.52424084
0.45751027
0.57588374
0.48214235
0.54446277
0.44649292
0.55837897
0.49266367
0.53773054
0.47128939
0.53479507
0.47607093
0.55155923
0.46281493
0.56794212
0.46205337
0.55431225
0.48707601
0.54721125
0.46715671
0.56045282
0.47064417
0.5391316
0.46670817
0.57386583
0.49549822
0.57537596
0.48145195
0.55135598
0.47556572
0.56448616
0.47337094
0.55548298
0.46632126
0.55216749
0.47210957
0.54876719
0.49106667
0.53800578
0.47069089
0.55613627
0.47874929
0.55107153
0.46010616
0.57549019
0.47484698
0.58136912
0.49409133
0.52707031
0.47525837
0.52412333
0.46523894
0.53059877
0.44912184
0.53214119
0.43610986
0.54261736
0.4500545
0.56761803
0.4709864
0.54583141
0.46603213
0.5502211
0.48293163
0.58219103
0.492681
0.5498345
0.47604083
0.54806318
0.46378903
0.56337423
0.48076386
0.52735825
0.46019911
0.54478795
0.46666468
0.55507563
0.45763221
0.54257789
0.4719111
0.53309374
0.4601638
0.54896859
0.44421694
0.53848997
0.44789121
0.5352378
0.4725905
0.53375517
0.48012047
0.58735477
0.49106779
0.55325513
0.47214861
0.53109779
0.47183826
0.53407944
0.45128792
0.54728306
0.45410433
0.53915026
0.4565644
0.53919724
0.47156684
0.55329521
0.47965288
0.54986745
0.46744395
0.53691393
0.47724158
0.52926124
0.46746355
0.54782902
0.46687268
0.57185377
0.48250276
0.53902597
0.47089684
0.5308996
0.46387411
0.53860329
0.45991952
0.56733337
0.47165652
0.57126324
0.49355494
0.55567345
0.49118945
0.54085177
0.48337235
0.54606565
0.46136685
0.55019338
0.46635868
0.53587983
0.44928818
0.54381385
0.44670415
0.57844449
0.47358675
0.56494518
0.48872767
0.57135955
0.49875502
0.53767086
0.47258968
0.55116137
0.47433767
0.53901613
0.45466994
0.57415926
0.48498753
0.57927247
0.49222468
0.54400849
0.47352119
0.53743448
0.46379528
0.53998198
0.45844935
0.56150408
0.46833626
0.55678224
0.46648288
0.54070331
0.46087267
0.55090895
0.45602708
0.55823728
0.47354145
0.57467497
0.49014764
0.55239101
0.48169374
0.52883271
0.46652843
0.53940462
0.45517331
0.5406217
0.47417031
0.5490203
0.48869658
0.55305406
0.47671515
0.55656591
0.49403223
0.54335949
0.47990998
0.53867498
0.46121795
0.55010254
0.47414451
0.52165625
0.45812378
0.54547936
0.4441495
0.54182827
0.45164528
0.50658017
0.43413956
0.50236799
0.4558538
0.54608792
0.46738898
0.56984942
0.50768892
0.57309505
0.5005055
0.56044662
0.49195585
0.53036359
0.47658234
0.51754007
0.44109413
0.56050551
0.45546459
0.52966747
0.44526141
0.54012281
0.4596046
0.57800348
0.48744221
0.55205633
0.46645771
0.54179432
0.46946844
0.54541915
0.48109213
0.53957423
0.48266947
0.56431982
0.48529096
0.55055804
0.47336375
0.57322257
0.48631809
0.5493616
0.47684684
0.54350663
0.4677419
0.55843519
0.48298411
0.57602208
0.47520035
0.54727512
0.4718179
0.51538172
0.45821302
0.56102726
0.47486335
0.53011675
0.4565093
0.52540705
0.46390639
0.52016818
0.46801028
0.54167985
0.47164931
0.54891172
0.46700975
0.53294395
0.45563411
0.54373922
0.46253072
0.55411781
0.45445234
0.55431041
0.46547053
0.55884146
0.46915767
0.56555984
0.46697235
0.54456202
0.46845946
0.51873985
0.44969343
0.52548751
0.43443774
0.54365472
0.45409563
0.56483268
0.49092721
0.56922431
0.48837684
0.5329394
0.50751064
0.54539012
0.48864374
0.55013814
0.46671009
0.56444275
0.46369232
0.55574045
0.49404627
0.56769311
0.50238682
0.57521316
0.48844466
0.55844772
0.48247834
0.55938279
0.47455375
0.54744011
0.46311753
0.56213091
0.47079502
0.55959234
0.47614411
0.56889608
0.48113623
0.56311418
0.4789319
0.54053637
0.47861321
0.5314271
0.46080334
0.53412888
0.46795965
0.56397592
0.46878176
0.55971736
0.47840028
0.55431779
0.46536835
0.5950283
0.49527731
0.58473225
0.49930272
0.54612906
0.48383695
0.53931693
0.46742234
0.57079178
0.47121993
0.54520795
0.47498583
0.55510415
0.4821701
0.54867208
0.47697784
0.54445986
0.46291223
0.52593262
0.44981773
0.55409958
0.4684334
0.54752343
0.47480085
0.56740766
0.46761764
0.54820534
0.47822845
0.50273859
0.42188249
0.49131122
0.42860746
0.56256481
0.47900029
0.55707326
0.4961633
0.54367915
0.4916066
0.55346551
0.46708525
0.55913182
0.47907991
0.55860827
0.48003685
0.55032868
0.47461433
0.53292678
0.45554861
0.55577662
0.47062753
0.53551013
0.46866393
0.54912661
0.47961658
0.54297211
0.45423283
0.56733817
0.48085607
0.57907212
0.47775102
0.56147021
0.47395807
0.52938193
0.47437974
0.57203893
0.49397905
0.57919239
0.4976981
0.53779779
0.47854957
0.54453439
0.45174838
0.55291901
0.47211735
0.52159362
0.45334785
0.53784654
0.46571621
0.5471048
0.46656406
0.55301685
0.46501714
0.52747798
0.46057018
0.54492371
0.45617822
0.54995235
0.47923434
0.55507872
0.49256054
0.52025912
0.47030089
0.54817222
0.47533291
0.52365188
0.45675311
0.5293431
0.46417748
0.55117294
0.49422395
0.57425057
0.49788022
0.5574096
0.48704515
0.54858707
0.4796955
0.54532886
0.47562541
0.5417415
0.46655007
0.56885467
0.47814821
0.53369357
0.46513775
0.54921685
0.47799584
0.54041191
0.4541005
0.53915056
0.47442047
0.55093155
0.45839711
0.53676589
0.45368802
0.54016099
0.47468421
0.53832043
0.47181555
0.54179645
0.46172264
0.53721266
0.45399602
0.55767524
0.47645461
0.56139603
0.47744284
0.56062883
0.49614921
0.56335454
0.48175463
0.55420511
0.47066028
0.56703983
0.47831657
0.54304712
0.46490319
0.50985615
0.46401853
0.52657482
0.45256415
0.53570267
0.46467883
0.56028575
0.47003601
0.51424563
0.45962329
0.53804452
0.46704658
0.52915027
0.4413441
0.55381112
0.48566713
0.53795196
0.47306682
0.53469821
0.45314329
0.56053525
0.49821068
0.52268904
0.47339304
0.52785048
0.46629171
0.55628518
0.48053427
0.60222936
0.50400478
0.54828996
0.47933093
0.55283188
0.46097088
0.53173057
0.45118291
0.58495089
0.4785639
0.53393513
0.47318019
0.5497207
0.48932976
0.55043158
0.47147316
0.57047777
0.47310413
0.56336339
0.45468684
0.53779617
0.47652108
0.56030756
0.49245257
0.52440472
0.46696414
0.53424327
0.44465816
0.53766002
0.44278016
0.54755566
0.45680371
0.54582724
0.47082807
0.54168572
0.49004492
0.55619051
0.48770401
0.56696252
0.48230374
0.56672552
0.4789876
0.5591874
0.49086598
0.55298204
0.5006102
0.54103133
0.48073985
0.55785181
0.46805979
0.56681957
0.48324608
0.55580715
0.47950035
0.52204468
0.46300866
0.52609163
0.45594067
0.53863791
0.44891191
0.5564364
0.46025102
0.55239732
0.46468731
0.53739247
0.4805183
0.5865943
0.48628743
0.5569226
0.47605418
0.5753215
0.48878091
0.55431073
0.48248422
0.54109906
0.48956557
0.50625701
0.44900714
0.55048415
0.47513798
0.55019603
0.47589566
0.5456491
0.48786654
0.53124694
0.47693503
0.56146715
0.46844269
0.59525715
0.49087535
0.55939636
0.47794172
0.53897264
0.48118975
0.54518639
0.45419437
0.54403566
0.46953536
0.54877367
0.47074858
0.55152579
0.47346503
0.54202326
0.46760036
0.53811495
0.47003707
0.54239219
0.46170612
0.53393015
0.47229508
0.54748666
0.46118391
0.5581462
0.46033591
0.53474586
0.47568286
0.54878842
0.46050255
0.53657397
0.45864215
0.54141334
0.47450824
0.53511319
0.48611185
0.52512993
0.47452783
0.52085021
0.46102227
0.52978171
0.46890061
0.53354295
0.4448525
0.53798432
0.46587381
0.52049038
0.44269318
0.54869253
0.47517721
0.58917571
0.49268642
0.57851237
0.50210167
0.53244002
0.45833107
0.55607365
0.46314493
0.56380785
0.49149336
0.55580402
0.47312782
0.55278761
0.46435321
0.52892715
0.45483279
0.55468436
0.47510376
0.54916653
0.48149164
0.57812017
0.48690732
0.55909028
0.48957681
0.5528121
0.47699389
0.54803688
0.46326775
0.55244941
0.46193126
0.52183615
0.46076432
0.55676417
0.45665817
0.5825062
0.47953097
0.56441027
0.48731872
0.54964479
0.50800268
0.5538651
0.49155775
0.5490507
0.4759624
0.5290495
0.43807018
0.53833217
0.436292
0.55747083
0.46517055
0.55740811
0.48497387
0.55360147
0.47525759
0.5768082
0.46347719
0.5841362
0.49804659
0.53325066
0.46334483
0.53293074
0.46744332
0.56736039
0.4641365
0.54248643
0.45501608
0.5390742
0.47956659
0.58053324
0.49499316
0.54104924
0.46965241
0.52858695
0.45546497
0.5673273
0.47548929
0.55566483
0.46814626
0.53093554
0.46140245
0.52118447
0.44038307
0.54158064
0.4671604
0.53967543
0.44423628
0.58179072
0.47528673
0.53828546
0.46489946
0.54058367
0.46523606
0.57337069
0.47479914
0.56298755
0.47117915
0.54907591
0.48986565
0.53954996
0.46954669
0.52733322
0.46975496
0.55728188
0.47540616
0.58473928
0.48167433
0.55030696
0.47268979
0.56063276
0.48495657
0.55770094
0.48076908
0.545225
0.46565224
0.56302611
0.47449821
0.56801519
0.48010754
0.58032465
0.5162822
0.53552847
0.48711034
0.53185332
0.45395905
0.5306929
0.44791839
0.51921672
0.45308776
0.55714359
0.45790624
0.53538566
0.47396198
0.57340336
0.48130076
0.56169942
0.48729238
0.56554474
0.47506332
0.57993542
0.49227033
0.53276411
0.4967705
0.55696319
0.48702675
0.57284801
0.49410299
0.54011644
0.47347818
0.52298109
0.44803967
0.56302199
0.46205231
0.55998585
0.47198193
0.55601132
0.47156564
0.56032311
0.48344846
0.5524205
0.49230428
0.55642835
0.4607869
0.5595568
0.47655366
0.54144885
0.46712771
0.52374519
0.47461361
0.54480574
0.47254641
0.56642409
0.47950244
0.56961459
0.480398
0.57883941
0.482299
0.53661159
0.45653998
0.51850233
0.451309
0.54544591
0.46511444
0.55281079
0.45849315
0.5383723
0.45705898
0.53407132
0.44678107
0.53864637
0.43460798
0.56350478
0.47615036
0.55302105
0.49607232
0.56145566
0.48063379
0.55338193
0.46729391
0.5804028
0.49206911
0.55461723
0.4830699
0.55386353
0.46839197
0.52106928
0.4435744
0.53321854
0.45720125
0.52723854
0.45366461
0.54355406
0.47519022
0.55313085
0.46225712
0.50711102
0.4448223
0.56193725
0.46418472
0.56711572
0.48663686
0.5615002
0.48607536
0.54673626
0.49022402
0.54916387
0.45821689
0.51835658
0.44925463
0.5257501
0.4418247
0.53108822
0.440685
0.54536085
0.48060766
0.53968915
0.46597278
0.56228654
0.50544089
0.53121856
0.48127209
0.52242533
0.45239874
0.55374466
0.47890212
0.54112547
0.46106786
0.53373643
0.45732141
0.54948696
0.47190722
0.56021407
0.47188108
0.55615032
0.49417506
0.55841405
0.49133588
0.55728124
0.48961083
0.53185209
0.4629372
0.57464827
0.49046295
0.56892909
0.49118951
0.56195238
0.49103829
0.53395872
0.46636587
0.54366215
0.46682824
0.54923849
0.47554532
0.55806014
0.45974958
0.557692
0.48595226
0.51847473
0.46176073
0.51886632
0.44740071
0.52320884
0.43879716
0.55724283
0.46113253
0.55070266
0.46316977
0.54772398
0.45831979
0.56624492
0.47885634
0.56093474
0.47939446
0.55839627
0.5011024
0.51795511
0.46033345
0.5054387
0.43815955
0.5487373
0.44150979
0.5524516
0.44850796
0.53620442
0.47102452
0.55937877
0.48268458
0.57918988
0.48385833
0.54802392
0.48740552
0.52643843
0.45735264
0.52316197
0.44985464
0.53501945
0.45391647
0.53110026
0.45606745
0.52726161
0.45702553
0.53040102
0.45837629
0.54412816
0.46442179
0.54604734
0.48044015
0.53872802
0.47506793
0.55496171
0.48430302
0.5392655
0.45470249
0.5479745
0.45612064
0.55253748
0.4714873
0.52613216
0.47355725
0.53808264
0.46446725
0.54274425
0.47921787
0.55445211
0.48413949
0.55971522
0.48298731
0.55565233
0.48025636
0.55187909
0.48286579
0.57188327
0.47754144
0.53544777
0.48458542
0.54971166
0.47997145
0.54763961
0.44414687
0.55111979
0.48701865
0.55088805
0.47973666
0.55027442
0.4809281
0.5421287
0.47329623
0.53875021
0.48006326
0.54740618
0.47131521
0.5660073
0.48256359
0.54195882
0.4609019
0.54603509
0.46626179
0.54366988
0.46096185
0.55798447
0.47199044
0.54998291
0.46828794
0.56181063
0.46826231
0.56459688
0.48957998
0.56433395
0.48532041
0.57311229
0.5077917
0.54298237
0.47945624
0.50560719
0.45041973
0.52406813
0.45305272
0.52586991
0.44916528
0.53275655
0.46354122
0.53784279
0.45976434
0.5226283
0.46828519
0.53751724
0.46804328
0.50396717
0.44576088
0.55953067
0.47178466
0.5450064
0.47128072
0.56237979
0.48814586
0.59328987
0.49488688
0.55207867
0.48292965
0.54059804
0.48117496
0.54089755
0.47055641
0.55621162
0.47129159
0.57431278
0.47547319
0.55551975
0.48639566
0.5468103
0.46706905
0.59038506
0.49114956
0.55088195
0.47759009
0.56717866
0.48469369
0.5345158
0.47907338
0.5336908
0.47112752
0.55790689
0.47034692
0.55155377
0.44787639
0.56867974
0.47439087
0.5584321
0.49239493
0.57900968
0.49178767
0.54262073
0.47847195
0.56409215
0.48988958
0.53541777
0.47448667
0.50563357
0.45202971
0.53619565
0.4514761
0.54151729
0.46429559
0.53306968
0.46389107
0.55071513
0.46473559
0.53307003
0.44974818
0.57156163
0.46451457
0.5706537
0.49408324
0.5857991
0.49800468
0.56703236
0.50294213
0.54745619
0.48158287
0.55156655
0.45827474
0.55018632
0.46107083
0.56340787
0.47545033
0.55668834
0.4863747
0.56982463
0.49121262
0.5566812
0.46994052
0.53411334
0.45367376
0.54725054
0.46364507
0.57256468
0.48971583
0.54922701
0.46714213
0.56088299
0.47871481
0.55245878
0.4665815
0.54083983
0.46594604
0.58192482
0.47685086
0.58478905
0.49492306
0.55920246
0.4684072
0.53563954
0.47609864
0.55676615
0.45083585
0.58072952
0.47340228
0.54388741
0.47192691
0.54771345
0.49056921
0.5353959
0.46462162
0.54955523
0.47280118
0.53727943
0.44690576
0.59490166
0.49077158
0.56364339
0.46441717
0.52947794
0.4687455
0.5245999
0.47054826
0.53574933
0.45452816
0.55761144
0.47446672
0.56759186
0.48796134
0.53884154
0.47662072
0.5451602
0.47048089
0.54671492
0.4737635
0.54758758
0.46390896
0.5401336
0.45463125
0.52580178
0.43496445
0.52765929
0.43618539
0.53950475
0.44742606
0.5485046
0.47707596
0.57174796
0.49133799
0.51913895
0.48032969
0.54936938
0.48206116
0.57486983
0.48816783
0.54737267
0.46731938
0.54634835
0.45437505
0.52782805
0.44847604
0.53626343
0.44414303
0.55753621
0.4664644
0.55302867
0.47965484
0.59042297
0.49943286
0.54920958
0.49013575
0.55971149
0.48878508
0.54954966
0.45685708
0.54099398
0.47602115
0.52784518
0.46981749
0.52565579
0.47003272
0.55676814
0.46203256
0.55014091
0.46847836
0.54830568
0.47975275
0.55204672
0.48988407
0.55412476
0.47677
0.53074004
0.45591354
0.56936847
0.45860866
0.56652381
0.48898894
0.55724852
0.47999502
0.54558056
0.47097889
0.52105268
0.44633063
0.53922868
0.46664278
0.5638166
0.47304818
0.54407189
0.46324505
0.55208476
0.46651194
0.55501075
0.4642814
0.5522
0.48186377
0.56507393
0.48152454
0.55716996
0.4713625
0.5454015
0.47563319
0.56037895
0.48505003
0.55311103
0.44891464
0.56369019
0.46639945
0.52320513
0.45575972
0.51088868
0.4645371
0.55054251
0.45941294
0.55212984
0.48789516
0.55876785
0.4864429
0.54394532
0.48860851
0.55224573
0.49178276
0.53953942
0.46287375
0.52904557
0.45602279
0.58378769
0.47877792
0.55567763
0.47677785
0.54956971
0.49474106
0.54184522
0.46568482
0.54727292
0.44811149
0.5299095
0.42398761
0.52740422
0.44780237
0.52809624
0.44584272
0.57858712
0.47894207
0.5364653
0.46418019
0.55473344
0.47842708
0.55349607
0.46890913
0.53842559
0.47005306
0.55578487
0.4764036
0.52266107
0.48076941
0.53697387
0.46117271
0.5412976
0.44424407
0.55928779
0.46298184
0.54718066
0.46279193
0.55853734
0.4968364
0.57269446
0.51286724
0.55907761
0.48835328
0.54820229
0.47507451
0.5251468
0.45687645
0.55099578
0.46779428
0.54169707
0.47184478
0.53259048
0.45962366
0.53155847
0.44783969
0.53600142
0.44778766
0.5565879
0.47985537
0.56093998
0.48084649
0.5437473
0.46819105
0.52043098
0.46165779
0.54806688
0.45905594
0.53345773
0.44483225
0.57709132
0.47668224
0.56159492
0.48211916
0.56022146
0.50112349
0.56990644
0.50677025
0.5551797
0.47954023
0.54562787
0.46162237
0.54068674
0.44843134
0.5688911
0.49047937
0.52477463
0.44680592
0.53277189
0.44726228
0.54224124
0.44348864
0.55643598
0.48132741
0.51032104
0.45035878
0.52837611
0.46550639
0.52771187
0.46322399
0.55216493
0.45456319
0.55573716
0.45965805
0.52575776
0.47633023
0.53962084
0.47300155
0.54146159
0.4653068
0.56504672
0.47103598
0.54503863
0.48975504
0.53006753
0.4669091
0.53739639
0.46383223
0.56531716
0.46164083
0.53837883
0.4512773
0.55071321
0.47454374
0.54853617
0.47636285
0.55752788
0.4834042
0.5645449
0.47042691
0.54848605
0.47513957
0.53138248
0.4705885
0.56391632
0.46865038
0.57397284
0.47950421
0.51600911
0.46436244
0.55399504
0.4885219
0.54307458
0.45519409
0.54787289
0.46219646
0.52794665
0.45650905
0.53976744
0.47970232
0.53366061
0.4619962
0.5817118
0.47453265
0.55939833
0.48154611
0.54727059
0.48044366
0.55387384
0.48375762
0.58067035
0.49423927
0.52132821
0.46731267
0.56768196
0.48733061
0.57101075
0.49487935
0.5320662
0.47229382
0.53368203
0.46860644
0.56600511
0.4540015
0.55462097
0.47885005
0.54888237
0.48215028
0.54578963
0.4720806
0.52110729
0.44119746
0.54846344
0.44350866
0.55821631
0.46401424
0.52990834
0.46035813
0.53796629
0.46075361
0.52133085
0.43663358
0.53567162
0.45588767
0.57292951
0.47524384
0.56983588
0.48291967
0.58133018
0.49183691
0.53148527
0.45951078
0.52552997
0.45469417
0.54365149
0.45581604
0.54734455
0.46311343
0.56042518
0.48464902
0.54726093
0.47931518
0.56488767
0.48122847
0.53392878
0.47079702
0.52763335
0.46308282
0.52825935
0.46071872
0.55003422
0.46325654
0.50654479
0.45236251
0.54417311
0.47897905
0.55073901
0.4733874
0.53692764
0.4654406
0.53337535
0.4682935
0.55023434
0.47559283
0.56300807
0.48279181
0.56955227
0.50131921
0.53805568
0.47250925
0.56747697
0.4731389
0.55262522
0.48441678
0.53197949
0.47132898
0.54077159
0.47872727
0.57185809
0.46655108
0.53325423
0.45290715
0.55472865
0.47897882
0.58184008
0.48572887
0.54352721
0.46401636
0.54007038
0.45280889
0.55981847
0.45504213
0.56874779
0.47209868
0.53792212
0.46653829
0.56522001
0.48130732
0.56074699
0.49571201
0.59664318
0.49437822
0.54034956
0.47578308
0.5477802
0.47313245
0.56523686
0.46760915
0.5303792
0.45408828
0.59630138
0.489799
0.57833567
0.47227387
0.55211706
0.49706802
0.5492303
0.47769746
0.5347985
0.47458888
0.53927357
0.46542405
0.54132915
0.45897238
0.55862155
0.46227627
0.53859095
0.4627872
0.53085242
0.46301177
0.55864641
0.46599203
0.55993913
0.46929525
0.56458167
0.49591984
0.52974799
0.4777231
0.53663079
0.48852617
0.55371959
0.47981627
0.54578324
0.45180039
0.55049185
0.44963513
0.54927801
0.49027985
0.54861855
0.47649977
0.53211592
0.47493588
0.55183563
0.45501474
0.55174846
0.46137535
0.55347987
0.48020156
0.56917895
0.50809725
0.54247437
0.49499643
0.55918596
0.47871902
0.54311055
0.45850759
0.49831845
0.45545739
0.54339479
0.45326277
0.51974051
0.44602563
0.5555902
0.47709142
0.56765867
0.48532303
0.54746737
0.49683164
0.56675063
0.49011143
0.55848221
0.47643482
0.56892699
0.46582658
0.58503799
0.47947873
0.52779913
0.45282298
0.54948552
0.47353117
0.57002725
0.47006616
0.56522068
0.47283738
0.5358689
0.47139243
0.55427245
0.48450249
0.5372415
0.46897985
0.53003177
0.45908483
0.55380966
0.47314602
0.56320884
0.48950697
0.57502066
0.49317083
0.57430736
0.47889023
0.55418543
0.46591559
0.56278997
0.47685981
0.54006786
0.45996284
0.54826559
0.46851163
0.54956655
0.4572376
0.54809823
0.46108142
0.54956393
0.475835
0.54024267
0.47489962
0.55258274
0.47053436
0.57834027
0.47988977
0.55275653
0.48031944
0.56606152
0.48345723
0.55367064
0.48509951
0.57293495
0.48386404
0.55188127
0.47446309
0.54389633
0.47210775
0.52676669
0.45255932
0.53727775
0.45626846
0.54245161
0.45754338
0.55661519
0.4745014
0.56437041
0.49686623
0.56047839
0.49735054
0.5275717
0.46295524
0.53476107
0.47082902
0.56977405
0.46916086
0.5263002
0.46785007
0.51018641
0.46493492
0.53023999
0.45980922
0.55869375
0.4581415
0.55736685
0.46998477
0.53720184
0.48184722
0.55421707
0.49683651
0.56674944
0.48164729
0.56024752
0.47602792
0.53902304
0.47236038
0.56606599
0.48485252
0.5558789
0.47309155
0.55327951
0.46896072
0.55037615
0.48316456
0.57237692
0.47413714
0.56607705
0.48556562
0.55010177
0.47043822
0.57828389
0.48045958
0.54667216
0.46671324
0.52997739
0.4641346
0.54543639
0.45526248
0.53671952
0.44898892
0.55865753
0.4645336
0.56689766
0.48543942
0.58157755
0.49772975
0.58440662
0.50062529
0.57193653
0.49507166
0.5884554
0.49428364
0.56082368
0.47464366
0.56535983
0.4982916
0.56494164
0.49690133
0.58037619
0.47968471
0.56498775
0.46713554
0.51629227
0.43455622
0.51889079
0.42988269
0.52263378
0.43816733
0.51029622
0.42878637
0.55545799
0.45108607
0.57114247
0.47405717
0.57277946
0.49961905
0.54664458
0.49470934
0.55608603
0.4671468
0.54554993
0.46479245
0.53941596
0.4699048
0.56301971
0.47583645
0.55138805
0.47791937
0.55510893
0.47397325
0.57077229
0.47187872
0.53635133
0.46664074
0.51950421
0.48233656
0.53650649
0.45911846
0.5718842
0.48255842
0.54514058
0.4776684
0.57678979
0.48453051
0.56641196
0.49373243
0.51820848
0.45954753
0.53604223
0.46341643
0.52814293
0.45334056
0.55555246
0.47214543
0.55524623
0.46645358
0.55749523
0.47401117
0.54521637
0.45651797
0.53058513
0.4656619
0.54916811
0.46859779
0.54436148
0.47590939
0.60527702
0.51390139
0.57956648
0.48748455
0.55378963
0.49093312
0.5568338
0.4869168
0.54248884
0.47641108
0.55177991
0.46982294
0.56869214
0.50024291
0.57005633
0.50142135
0.5703112
0.47955134
0.50891263
0.41605974
0.50767638
0.4090595
0.53942501
0.44162867
0.5330775
0.4594755
0.54994784
0.49122602
0.55222774
0.48300434
0.55182979
0.48942928
0.5542878
0.49320364
0.54220371
0.47546543
0.52215638
0.43769062
0.54934799
0.4485204
0.55315627
0.45026641
0.54583014
0.47375531
0.55739886
0.47846978
0.55238812
0.46059155
0.53413682
0.48089518
0.54525839
0.46974852
0.55100105
0.48422935
0.56289561
0.47591033
0.56726789
0.47773759
0.4983424
0.45343049
0.52880102
0.45160699
0.55328004
0.46024896
0.56607755
0.47260032
0.55057786
0.48624858
0.53706879
0.47639792
0.53485727
0.4818498
0.56290553
0.47520384
0.56994841
0.46172898
0.52883588
0.48678234
0.57356484
0.48645758
0.5527472
0.49923061
0.55265885
0.51288188
0.56696513
0.49486068
0.51498436
0.4541863
0.55930767
0.46594736
0.53631702
0.45198644
0.52939155
0.48038802
0.53628908
0.47080559
0.51596186
0.44620483
0.5339648
0.44338756
0.56102439
0.4622843
0.5679691
0.49635004
0.53864899
0.49344118
0.53869565
0.47077368
0.57399559
0.47506204
0.56501141
0.47702296
0.56448111
0.48055677
0.56836392
0.47620241
0.54129233
0.46461447
0.53306743
0.46813483
0.5306159
0.45008139
0.53185791
0.45991375
0.54294005
0.47083279
0.54810376
0.46210525
0.54412211
0.46356563
0.53391487
0.45978935
0.56003907
0.48026994
0.54481827
0.47496601
0.55946155
0.48122299
0.5697713
0.48143689
0.57657751
0.4906427
0.54456292
0.49810461
0.54737767
0.46551704
0.4974484
0.42948654
0.54998095
0.46621631
0.53800063
0.48033815
0.56126455
0.49125297
0.56499711
0.4981536
0.57381494
0.49689862
0.56671541
0.47896782
0.56990484
0.48393058
0.55515787
0.46245995
0.56028961
0.46789376
0.55027366
0.47178728
0.55467732
0.4677004
0.53202285
0.47279744
0.55736899
0.46331707
0.53758954
0.45574343
0.56748664
0.47388493
0.55140512
0.48244821
0.56455266
0.49289297
0.55373586
0.48487212
0.54359227
0.46621061
0.55023742
0.46924107
0.55150381
0.46755923
0.57650409
0.46360454
0.55189982
0.46546108
0.55251942
0.48076068
0.52895687
0.47145031
0.54464168
0.46096432
0.55649613
0.47585001
0.55043513
0.46857089
0.54890676
0.45743181
0.52508111
0.47090224
0.5429316
0.45840004
0.5678221
0.47325128
0.55321372
0.46940602
0.57464584
0.48317136
0.55981563
0.47700468
0.5976454
0.49532036
0.55431382
0.47924995
0.55329906
0.48041226
0.5676152
0.49540537
0.55576708
0.48435798
0.53646372
0.48237771
0.54425155
0.45708748
0.5559844
0.48103804
0.56979686
0.47773962
0.52713458
0.45453122
0.54393294
0.46807933
0.54169177
0.45565959
0.56034457
0.45956333
0.57121038
0.47934757
0.55566124
0.48183661
0.57135049
0.49604442
0.57915961
0.48144772
0.54217927
0.46393398
0.58044435
0.48327168
0.56191316
0.46821911
0.55075696
0.48880563
0.5513623
0.46809327
0.53556686
0.46060453
0.52441293
0.46818417
0.54789261
0.48302177
0.56457294
0.4878105
0.51688058
0.46901391
0.50219976
0.44354283
0.51889234
0.42817098
0.54972354
0.45443736
0.56723874
0.46272372
0.57360415
0.49824471
0.53155016
0.46392041
0.56031368
0.47970273
0.5698619
0.48534808
0.55831675
0.49325911
0.57254063
0.48720025
0.57009038
0.48456819
0.56196292
0.46898134
0.55918352
0.47153301
0.5401418
0.45663262
0.53533684
0.45846743
0.53123933
0.45987106
0.5318543
0.4746709
0.5330148
0.46708098
0.56005844
0.48090925
0.55816033
0.46442657
0.56904809
0.50105019
0.58962965
0.50601288
0.57789468
0.50953378
0.52622073
0.48062966
0.53874817
0.46925867
0.53234178
0.4370768
0.54416295
0.46181173
0.53088444
0.43644797
0.56613855
0.44424511
0.5630674
0.4694188
0.55550602
0.47809848
0.54283703
0.47177157
0.52423553
0.46178743
0.54386125
0.45773512
0.55145775
0.46862654
0.53173542
0.4660301
0.53199311
0.46777916
0.54868249
0.47364466
0.54249817
0.47600167
0.55354535
0.45867916
0.54969574
0.46694064
0.56911088
0.49114044
0.58747191
0.50558842
0.53400432
0.47443107
0.52699018
0.45646948
0.53672674
0.47218554
0.54632223
0.47431685
0.53219045
0.45533669
0.56577449
0.48701874
0.56238321
0.4721832
0.5346788
0.46535922
0.54217867
0.4638967
0.55135068
0.45775305
0.55822479
0.47465758
0.56064118
0.50080293
0.56050939
0.49878397
0.53302853
0.47843464
0.55053618
0.47156008
0.55790422
0.44957818
0.52541496
0.47594385
0.51946545
0.45103407
0.55370764
0.4735197
0.55344742
0.46691788
0.5585062
0.47617524
0.57130949
0.47640973
0.57543397
0.48223899
0.58361416
0.48876284
0.5635996
0.48034311
0.55720487
0.47911887
0.57269264
0.48623174
0.56880946
0.4725815
0.54481021
0.45759914
0.53804499
0.46462422
0.56000057
0.46841785
0.53085015
0.45482205
0.54568436
0.48214145
0.55027844
0.4693586
0.54175676
0.47095883
0.56693623
0.47084469
0.5676434
0.49028391
0.55709697
0.49960669
0.578492
0.49472906
0.57741341
0.4927798
0.58336771
0.5052882
0.54301521
0.47720446
0.53615035
0.45991696
0.53083277
0.4706779
0.5464381
0.45533246
0.533939
0.46116385
0.53308819
0.4533141
0.54995772
0.4454253
0.55168566
0.45500329
0.53083135
0.47086917
0.53740873
0.46571991
0.53918176
0.48324222
0.55066992
0.47766699
0.52661031
0.46811162
0.54057696
0.47536003
0.55704087
0.49013457
0.56910186
0.48770846
0.55717372
0.49584519
0.5485846
0.46418617
0.5711571
0.48408495
0.53732374
0.46360219
0.5408977
0.47452287
0.55154884
0.4747236
0.54225313
0.49635651
0.56578884
0.48227584
0.55021349
0.45707579
0.53003171
0.45031387
0.52953826
0.46437181
0.55905667
0.47042855
0.55765159
0.47436719
0.50418805
0.43819978
0.53651676
0.45400335
0.57581223
0.45597206
0.54223893
0.49019484
0.5628955
0.48665197
0.5356885
0.46210292
0.55584505
0.47292068
0.52852452
0.46788948
0.54195825
0.46760247
0.53084188
0.45700123
0.53136102
0.45255928
0.55812851
0.45904109
0.54927348
0.47517548
0.54462828
0.46721445
0.53134367
0.44684509
0.56737029
0.46594367
0.55640181
0.47114479
0.54741016
0.49504703
0.51276365
0.47348078
0.53615941
0.46640023
0.533962
0.45408194
0.51307129
0.44218267
0.54219598
0.45353518
0.56577498
0.47823866
0.55083462
0.46890374
0.56098732
0.48548231
0.59444909
0.47476023
0.56267177
0.48755054
0.53550251
0.49181163
0.533703
0.46819356
0.5587516
0.4824267
0.53435307
0.46869511
0.50641566
0.44773502
0.53373134
0.45494023
0.55740196
0.45842371
0.53945992
0.47327272
0.55051826
0.49159418
0.53711352
0.46576409
0.54195578
0.47492256
0.5516428
0.47080736
0.5369069
0.47118377
0.55474525
0.47978999
0.56547917
0.48250895
0.54596782
0.47795241
0.55778771
0.4824868
0.5240431
0.46894108
0.55577784
0.45926254
0.56262783
0.45435705
0.57883786
0.48919278
0.54210393
0.49037127
0.53252337
0.47712884
0.53510534
0.48213879
0.56022285
0.46746306
0.54870123
0.45008865
0.56108941
0.46149461
0.55185887
0.46283979
0.53485443
0.47044032
0.54484364
0.47468264
0.5268533
0.46221966
0.51493192
0.44392948
0.54312129
0.46174479
0.54676618
0.45986087
0.53857703
0.47372437
0.56961924
0.47405459
0.572092
0.47447985
0.52403309
0.47001075
0.53786153
0.47638895
0.54343673
0.46186538
0.56885947
0.48009155
0.57419538
0.48901026
0.57831736
0.52742125
0.57514141
0.50385957
0.55683463
0.46793968
0.5620832
0.49908121
0.58512363
0.50302273
0.56385218
0.4648464
0.55933665
0.48187202
0.54542493
0.46294045
0.56322554
0.45567512
0.53748433
0.45004223
0.53272041
0.45155849
0.5260107
0.4385876
0.54985139
0.46833362
0.54346298
0.4700056
0.52473818
0.45808539
0.53086701
0.45413447
0.55882527
0.47476246
0.55081875
0.48850618
0.5492658
0.48475421
0.51194482
0.44325656
0.52070824
0.43689357
0.55045467
0.45182502
0.55766603
0.48902288
0.54721359
0.49344405
0.57219747
0.496209
0.55956593
0.47757815
0.53323968
0.46517981
0.55918509
0.47626037
0.57898998
0.49857958
0.54505431
0.4706861
0.55637252
0.50938488
0.57330843
0.50887654
0.55895019
0.47550256
0.56740286
0.48296549
0.5057356
0.44975903
0.52053315
0.43280481
0.55263557
0.45313832
0.57222491
0.47540238
0.55630583
0.48210271
0.56965537
0.49658701
0.59773433
0.50001019
0.55177138
0.46762025
0.54070107
0.44974282
0.51745723
0.44609412
0.53215913
0.44539352
0.55891233
0.46719803
0.56170728
0.47169836
0.57668885
0.49669404
0.55725556
0.48432583
0.56583447
0.48288854
0.56558792
0.48158699
0.56249998
0.47191854
0.53749805
0.4680475
0.55129302
0.4819092
0.54649385
0.46625111
0.55949657
0.47264004
0.55029395
0.47108726
0.52080529
0.47641503
0.54435472
0.48138957
0.54847683
0.47448216
0.53811767
0.45715689
0.55414205
0.48422816
0.56497102
0.48625796
0.55530668
0.46871239
0.56011628
0.47511676
0.56324737
0.50103307
0.54311905
0.48991845
0.55979115
0.47467634
0.5645897
0.4673231
0.54130857
0.46323004
0.55826732
0.48716131
0.55052482
0.49545467
0.51635144
0.45339507
0.53945281
0.45290938
0.53294434
0.44097857
0.54710366
0.46365876
0.54145992
0.47321793
0.52645335
0.45757515
0.57885829
0.47786762
0.56801929
0.48025009
0.55260825
0.48619432
0.54816198
0.46309597
0.52452034
0.45288505
0.53477183
0.46297929
0.55147082
0.46459715
0.52320784
0.4681982
0.51700171
0.45868731
0.52592507
0.45265657
0.55859386
0.47155222
0.5537238
0.49877134
0.55297486
0.50314613
0.5325713
0.47088156
0.53961134
0.46137654
0.53958009
0.44190996
0.57306375
0.47385301
0.57899754
0.50006269
0.56206226
0.48708666
0.56469884
0.5036858
0.55878349
0.47727835
0.52610478
0.45585387
0.54474494
0.46153886
0.56020234
0.47201085
0.55717813
0.45794068
0.53910857
0.4734099
0.51485883
0.46074716
0.55991253
0.47099308
0.57048373
0.47375465
0.56835654
0.48454385
0.57744742
0.48464017
0.57345404
0.49847024
0.54007725
0.47485636
0.52226763
0.45138831
0.53189573
0.44917071
0.55182192
0.45446311
0.55779617
0.46092848
0.54957515
0.46130299
0.54835433
0.47769016
0.55506003
0.47827908
0.54295447
0.47512488
0.53083069
0.45244704
0.53587656
0.48175308
0.537717
0.46843996
0.5566979
0.46251419
0.55771416
0.47986997
0.54674833
0.49271222
0.56092878
0.49876102
0.53604555
0.4643648
0.53872594
0.47588178
0.52596372
0.45252851
0.52722892
0.45102175
0.54552754
0.46566372
0.53084932
0.44135424
0.56524759
0.48645347
0.58323219
0.48089526
0.57054843
0.50176561
0.59091922
0.49653614
0.57892887
0.48949512
0.56670264
0.48192672
0.56057488
0.47010191
0.55139595
0.4596977
0.5616044
0.46086464
0.53089414
0.45221607
0.5411253
0.4610197
0.5439398
0.45327839
0.49805519
0.44338493
0.53517776
0.44450384
0.55891756
0.46347339
0.56017873
0.47756653
0.56863088
0.4903872
0.54468729
0.47692685
0.56063266
0.46564952
0.53556256
0.46491511
0.55775298
0.48477023
0.56392389
0.48603917
0.59414585
0.50023425
0.55093267
0.4912073
0.53922564
0.44922166
0.55318821
0.46412734
0.55874601
0.47297435
0.55329166
0.48935789
0.54558306
0.48944956
0.53655635
0.46016708
0.54209724
0.46488771
0.5410444
0.46571373
0.48759671
0.42125535
0.5419815
0.44890915
0.56785154
0.45569739
0.5647446
0.48014432
0.51894904
0.4769152
0.51074832
0.47028402
0.53755524
0.47649825
0.52758067
0.46074695
0.55973156
0.4919558
0.51910379
0.45236814
0.53012763
0.43952001
0.54501894
0.45857984
0.53327625
0.476473
0.52670538
0.45315804
0.53815695
0.44812822
0.49961973
0.42737522
0.58118517
0.4644693
0.58245965
0.5088144
0.56224957
0.50328599
0.54043167
0.48902985
0.54118042
0.47817519
0.55434273
0.4748235
0.59302617
0.50157624
0.53530729
0.4737895
0.53760761
0.46640787
0.55531907
0.45782279
0.54202565
0.46964969
0.57528327
0.47859489
0.55122949
0.48622589
0.56704011
0.50055815
0.55856886
0.49588636
0.57153212
0.50512463
0.55135947
0.48073082
0.57322856
0.48171669
0.53493571
0.46480628
0.5304582
0.45942296
0.5262288
0.4296419
0.52385984
0.42627484
0.54661537
0.45481942
0.57083541
0.48076005
0.5546281
0.46796164
0.53450447
0.45893299
0.57610674
0.46487226
0.56466305
0.48994043
0.55925783
0.49512943
0.55919
0.48766858
0.56646128
0.49649862
0.54187864
0.4593357
0.54877471
0.46541162
0.5769531
0.46354359
0.5699937
0.47597912
0.52679304
0.46490122
0.5649532
0.47674591
0.56692216
0.46040576
0.55819032
0.48444723
0.54964135
0.50227628
0.57237389
0.47517042
0.58182456
0.48438557
0.56615948
0.4946507
0.56676925
0.48106548
0.56784953
0.49961896
0.58681471
0.51017903
0.57507409
0.47638093
0.57132974
0.4751003
0.54555723
0.45864674
0.55832229
0.47208002
0.5285866
0.426428
0.54184299
0.44305339
0.54866047
0.4327644
0.5539399
0.45758934
0.53048478
0.45272643
0.54245794
0.46194734
0.55998768
0.45655976
0.52991288
0.45573312
0.52388325
0.45705667
0.51976195
0.44178218
0.5498429
0.4418203
0.53774382
0.47185093
0.55700118
0.47279388
0.5551027
0.49103769
0.55325222
0.49524587
0.55380233
0.48551927
0.55246328
0.50531165
0.54080659
0.46412948
0.57025906
0.47092892
0.54952538
0.47710081
0.54431063
0.49256802
0.55799796
0.47115137
0.53361456
0.45561581
0.58114574
0.49033602
0.54879268
0.46316754
0.53791159
0.47597069
0.54171271
0.46967499
0.57196741
0.47414498
0.54752772
0.46797553
0.53975161
0.47292105
0.50626687
0.44547498
0.5435054
0.46081623
0.55117579
0.46733146
0.54664935
0.48135036
0.53581862
0.46928556
0.57059249
0.47787391
0.56351461
0.47337383
0.53290199
0.4787289
0.58362653
0.50526896
0.55897251
0.48752794
0.53505428
0.49522638
0.53646595
0.45112221
0.52043318
0.42942859
0.544992
0.4503238
0.53900217
0.46574344
0.56235593
0.4794141
0.55101027
0.48595735
0.54156016
0.47719785
0.52632024
0.45873575
0.55587465
0.47052142
0.55889976
0.47725302
0.52664561
0.45974585
0.54497574
0.45414937
0.56029715
0.47581594
0.56549069
0.4773429
0.56098763
0.51955518
0.56252084
0.49955063
0.54736817
0.48258009
0.5292734
0.4569644
0.54175827
0.44443277
0.55691077
0.46331987
0.55318464
0.47337509
0.52998918
0.44864695
0.55820534
0.47374431
0.56525282
0.48724326
0.51453225
0.47225474
0.56585189
0.48690294
0.55147829
0.47356782
0.56030625
0.47376217
0.54074225
0.47389442
0.55701415
0.47469548
0.55135412
0.47242273
0.55643449
0.4821281
0.52638158
0.43966632
0.53293034
0.45899524
0.55342334
0.46038868
0.54189465
0.45838064
0.54974347
0.46815509
0.5750559
0.50250574
0.52164822
0.47788284
0.54628482
0.49937685
0.57144864
0.49497376
0.52941684
